steps	episodes	elapsed	mean	median	stdev	max	min	average_q1	average_q2	average_q_func1_loss	average_q_func2_loss	average_policy_loss	policy_n_updates	q_func_n_updates
2000	10	16.719295740127563	-22.6383390935817	-23.618228033540987	4.685851097596791	-14.756699919577681	-29.153671914630106	nan	nan	nan	nan	nan	0	0
4000	20	33.49094104766846	-21.28522335172823	-20.639840114207757	6.793407585188326	-12.421574601546187	-31.200735641893857	nan	nan	nan	nan	nan	0	0
6000	30	50.23566222190857	-16.882705477454945	-15.157866770872497	5.2854454554869275	-12.27728050472678	-29.385792989375076	nan	nan	nan	nan	nan	0	0
8000	40	67.26228404045105	-21.352973171376938	-23.290602690128622	5.747424041966893	-12.879886540081774	-28.611454804197287	nan	nan	nan	nan	nan	0	0
10000	50	84.03685212135315	-23.487718694564457	-23.77128213317308	3.956230579175401	-17.71108548516283	-28.124063178598515	0.02030886	0.021304265	0.0705883651971817	0.07063943892717361	nan	0	1
12000	60	115.71129870414734	-4.412687941443502	-14.531279341538976	25.441434372380584	47.52295620910368	-21.001091362134492	-0.9836438	-0.98410743	0.0004920056619448587	0.0004590284674486611	0.8953966957330703	1000	2001
14044	74	148.1681489944458	-10.811248284213326	-16.894416962356285	20.607266941140733	47.5478729016927	-21.58282042193318	-1.0408386	-1.0358547	1.9783902341057547	1.98085443102289	0.9800610053539276	2022	4045
16113	86	179.3322069644928	9.030137397233899	-11.378804368494661	32.09985539319828	48.38754832103407	-21.080286773663424	-1.2039497	-1.2060142	2.1619340297672895	2.148855494740419	0.9951946884393692	3057	6114
18086	98	212.51989817619324	-13.976443483942466	-15.769871681708867	5.973360554986129	-4.53866695352027	-23.11065875865502	-0.93593127	-0.9412942	0.7224389820639044	0.7193125373404473	0.8902818378806114	4043	8087
20080	111	245.38443994522095	-13.145133024614061	-10.431235182606837	7.387091775750174	-5.717023716707305	-26.894619228502265	-0.8815693	-0.88530666	2.201543839685619	2.1874265380948783	0.7548260554671288	5040	10081
22146	126	279.1884801387787	-12.326380815651333	-11.066921360717302	6.451302927822112	-4.504635718736043	-24.780705862172635	-0.5998733	-0.6016355	2.4443004344031216	2.4245573120377957	0.3928954578912817	6073	12147
24128	140	309.43288230895996	20.36812228246933	40.4234279367443	28.450071709694814	44.96687465363104	-19.372572280813195	-0.43571985	-0.43160614	2.235739467702806	2.2181618325039745	0.11338424477726221	7064	14129
26119	154	342.2349863052368	-6.108534632423743	-9.364686549275733	18.747647305957305	45.60560724333146	-22.822793128190717	-0.119397886	-0.05053805	2.8014706037566066	2.781140452325344	-0.18868145419284701	8060	16120
28179	169	375.0207996368408	-2.023807689084082	-11.992712568554573	25.965817586081656	47.62588289609243	-21.466418127711368	0.549552	0.56247455	3.191551585532725	3.139073509760201	-0.5327231083530932	9090	18180
30062	188	408.93844842910767	6.294445882209446	-10.64743725284557	34.1867764287293	47.668611791887194	-28.935176977508185	0.92499846	0.8822143	3.407298181131482	3.361922125071287	-1.0449924554675818	10031	20063
32065	204	441.31582045555115	6.2547262759601985	-6.967195876720846	26.97783966146418	47.89484263194212	-20.46290623026687	1.6752322	1.6406348	2.5871940100938082	2.5510137263685464	-1.8441100522875786	11033	22066
34023	220	471.7108528614044	5.826288830737128	-6.362985363377145	26.41434394941583	47.05709038497966	-20.99026991202951	1.8971152	1.9600772	2.636477552726865	2.607293742224574	-2.4115282890200613	12012	24024
36138	236	501.949343919754	25.406265604086563	41.32738725119198	30.565905346919198	47.61607355420963	-20.44656480486948	3.2238052	3.211923	3.286218042895198	3.175163991302252	-3.1634419426321982	13069	26139
38064	259	530.7737336158752	23.14122337601481	42.186047578885805	32.793338848715194	47.0990714485537	-24.67054829344741	4.149987	4.1051545	3.0429040150344373	2.9346512772142885	-4.292217643260956	14032	28065
40010	288	559.5992591381073	14.226172289587161	16.21049488243898	31.42930399623366	46.18127320799313	-24.610778070320304	5.6633973	5.71893	3.43605662047863	3.36064792022109	-5.843067247867584	15005	30011
42054	310	589.6915063858032	25.047389327477354	41.09948761421825	28.750167049979936	47.146213265536204	-28.082400899101955	6.8764815	6.8401923	2.0104362776875497	1.9878918267786503	-7.253089599609375	16027	32055
44033	339	616.3968396186829	43.98547815773701	43.9042936289487	2.1625171148563243	47.7886893081669	41.15870163395822	7.779257	7.73795	3.2833977825939655	3.2135024830698966	-8.383390321731568	17017	34034
46023	369	645.0736362934113	35.7517575094503	42.63329693863108	22.727967438445564	46.34164583698454	-28.530723775631184	9.956492	10.006447	4.525079605579376	4.375995407104492	-10.051016130447387	18012	36024
48058	401	673.0097448825836	38.06109805788887	42.67260333281647	16.206962413946417	46.38438467047822	-7.824575645137525	10.58563	10.572108	3.5296970301866533	3.439435864686966	-11.167139797210693	19029	38059
50035	436	699.8755495548248	39.988661014851594	45.42590870909798	17.161386152021297	47.40806383569717	-8.779270398772926	12.397632	12.409069	2.4041508969664576	2.3196457497775556	-12.391003303527832	20018	40036
52006	470	726.9276392459869	42.36299185241965	42.0864999564173	2.998612408432075	46.4722726992665	36.32695526873509	13.854177	13.822467	2.6230596868693827	2.5394372995197774	-13.7878941822052	21003	42007
54079	511	754.7659482955933	44.070715776960434	44.67829556884227	2.4264306275203924	46.59408050625846	38.014590213234335	15.231834	15.232582	2.457216304242611	2.379065862894058	-15.255961275100708	22040	44080
56017	543	780.9641585350037	42.83244428740702	43.05056750699578	2.1502429038901125	46.51021048025825	38.640244156461186	16.45081	16.48187	2.373005113005638	2.255103989243507	-16.79702482223511	23009	46018
58143	577	812.0407245159149	26.476966882288195	41.56778483614168	26.684962820765023	46.872510349762166	-22.070143243037894	17.610884	17.586363	1.621065376996994	1.5567181457579136	-18.176656284332275	24072	48144
60010	601	836.6676185131073	44.026679610736245	43.72067749604753	1.8071798109271573	46.5792384395539	41.460769094411376	18.457857	18.474735	1.7502136716246606	1.7085663068294525	-19.171284999847412	25005	50011
62020	635	863.1931738853455	43.613023011656175	43.274621095743996	2.127668325651791	47.09718950831875	39.703228690076344	19.46257	19.41994	1.5337497936189175	1.4889084443449974	-20.185131664276124	26010	52021
64054	674	889.992532491684	43.86149912258735	43.40072072775951	2.211278059134449	48.88408343504062	41.63319332766923	21.415934	21.42772	2.1881167432665825	2.059509736597538	-21.490051040649416	27027	54055
66006	714	916.2898936271667	44.725912117889386	45.09797272294072	1.9702088603856136	47.75836827203994	41.48128984898487	22.548855	22.556879	1.3839371675252914	1.2495412191748618	-22.98604835510254	28003	56007
68023	755	943.9006700515747	38.11193978445426	45.02056008264715	20.759485957744847	46.86264958674013	-20.767514260546264	23.116201	23.0932	1.5097808685898781	1.4005706498026849	-24.073635482788085	29012	58024
70023	798	971.1421992778778	44.65817455279524	44.96343355354711	2.912618247685309	48.804668160702505	38.71946307825674	24.421722	24.443792	1.145796488672495	1.105348203331232	-24.955439376831055	30012	60024
72018	839	996.8406882286072	43.6632868227533	43.92900741079211	2.1736049621911597	47.07489823528072	40.48890092766588	25.693209	25.688435	1.180288160443306	1.0807555943727494	-26.137417373657225	31009	62019
74046	880	1024.3680701255798	43.95708259950228	44.33313332672634	2.750496391037504	47.540821573775915	40.06468190207539	26.687687	26.73798	0.9311304140090942	0.8859225516021252	-27.206495571136475	32023	64047
76011	921	1049.106326341629	43.89778581625035	44.191623254838646	2.007514958480251	46.695525560500656	41.02466438227012	27.389114	27.383604	1.0640051989257335	1.0084555493295193	-27.902905082702638	33006	66012
78021	963	1076.5255591869354	44.47148990602027	44.6503240658881	2.09494724375916	47.67903144877872	39.96944060897006	28.057648	28.071177	0.9427546621859073	0.8733714258670807	-28.695796184539795	34011	68022
80017	1006	1103.1485159397125	44.088220611955045	44.22936189090717	1.4676811391721787	46.68075442888299	41.59227131345066	29.3496	29.36981	1.0510968260467053	0.9834273239970207	-29.085163383483888	35009	70018
82032	1050	1131.3642344474792	31.48755701127238	43.78671756017182	27.283097897700028	46.864777735592796	-21.61322296769326	29.7075	29.715134	0.8062949162721634	0.791717989295721	-29.707828178405762	36016	72033
84006	1093	1157.3467552661896	45.249631311778906	45.67489607349288	2.1117960207236206	48.102464201341455	41.69901132977666	30.282694	30.304672	0.7385218730568885	0.7152495682239532	-30.406278762817383	37003	74007
86016	1137	1183.5314965248108	45.849826023050184	45.78176166190475	2.0017208061325342	49.03914188129644	42.143185565015756	30.085741	30.120415	0.7099738201498985	0.6551074469089508	-30.759285278320313	38008	76017
88000	1183	1209.4959089756012	44.39679134489425	44.327671255885676	2.1591965132235065	47.42479846885957	41.84469348807273	31.283552	31.316786	0.8312680587172508	0.8339814800024032	-31.183301849365236	39000	78001
90014	1226	1235.8067500591278	44.864718643790155	44.91223980764188	1.6206801786028826	47.44915977765646	42.12787602901969	31.153149	31.14509	0.7676556646823883	0.7220568560063839	-31.445128555297853	40007	80015
92040	1272	1262.7513732910156	39.770138023793436	44.77616137469519	16.518156949694077	46.10984739323036	-7.191025456307665	31.881348	31.902288	0.7132317145168782	0.6503666716814042	-31.852318820953368	41020	82041
94035	1316	1289.315948009491	44.2389684210229	44.01949747637617	1.2887721419580414	46.19304670089811	41.96863194052649	31.950754	31.955992	0.6987330627441406	0.651628748178482	-32.02649112701416	42018	84036
96034	1361	1315.2565231323242	44.051076581538226	44.86333082781219	2.4892203295018738	46.54587148004342	39.590470219274636	31.774054	31.78501	0.7862031577527523	0.7118789686262608	-32.286793594360354	43017	86035
98045	1408	1342.3480615615845	45.008445698523516	45.47995021454345	2.0444198685944235	47.240822947189855	40.947969784167256	32.30073	32.30396	0.7776149475574493	0.7379922235012054	-32.53650249481201	44023	88046
100039	1457	1367.8163840770721	45.30429475327956	45.825500821568866	3.744016615282111	49.60980578545278	37.408041040894354	32.351093	32.36557	0.5971340629458427	0.5645101813971997	-32.611994915008545	45020	90040
102023	1508	1394.3104236125946	44.42449365890991	44.187319351562934	2.3023702479394177	48.088814413618714	40.541542657026255	32.956287	32.9521	0.7328904576599597	0.7170479069650173	-33.08014490127564	46012	92024
104031	1555	1420.2078084945679	45.58772011697191	45.703872111392926	1.7532850238786652	48.367951328728175	42.21727416801441	32.723614	32.763096	0.700599137544632	0.6807490366697312	-33.1107505607605	47016	94032
106008	1604	1446.9446873664856	43.933242995304184	43.96823239612374	2.651799366649714	48.44285394987906	39.72527915771807	33.27507	33.27953	0.5603882679343224	0.5692751105129719	-33.255993118286135	48004	96009
108034	1653	1473.8002874851227	43.54989710122257	43.022563340816944	2.6713945351648296	47.360272007895375	40.0574305810552	33.27525	33.28307	0.6662431119382382	0.5946535597741603	-33.45739463806152	49017	98035
110024	1703	1499.5755026340485	45.280882622901814	45.26068114415594	2.208572477813308	48.16074763843035	42.68416347812942	33.566048	33.529587	0.49319239646196367	0.46517135106027124	-33.59187719345093	50012	100025
112023	1755	1525.8994493484497	44.985436338624375	45.26239993719406	1.9220938209163898	48.25930513905364	41.46960181262392	33.91119	33.87825	0.6117236317694187	0.5833789543807506	-33.812455101013185	51012	102024
114013	1806	1552.0531899929047	45.90572259920126	45.966001265271515	1.505778236936208	47.8971957401554	43.550065309654826	33.773636	33.81051	0.4676296888291836	0.45294187381863593	-33.925558204650876	52007	104014
116046	1860	1578.893504858017	44.71274709558128	44.298450946768085	1.742432950401845	47.8967726717634	42.407440353637874	34.188046	34.18915	0.5465065138041973	0.5262512564659119	-34.18123647689819	53023	106047
118006	1912	1604.8687868118286	44.735795184932826	44.88540127536608	2.1041383419961615	48.28666821586209	40.86965327637312	34.07735	34.081963	0.5524497343599797	0.5236679105460644	-34.33229507446289	54003	108007
120024	1964	1630.5916922092438	44.631916518627705	44.990303717664546	2.2863570001903604	47.38220163997816	40.23719752511547	34.167526	34.144993	0.5242286378890276	0.5029714708775281	-34.524702072143555	55012	110025
122018	2016	1657.04491853714	44.5288743284204	44.41185434223897	1.5978646033897306	47.00545463652649	41.68475661744668	34.45682	34.4763	0.6193001468479633	0.6070125392079353	-34.6362516784668	56009	112019
124030	2069	1682.697851896286	45.05873176549554	44.89350684766189	1.9309283942432827	47.64878617424376	40.80796526540632	34.58568	34.552532	0.49705674320459364	0.45222652167081834	-34.82879875183105	57015	114031
126004	2122	1708.5930140018463	45.49220083959597	44.93490572790992	1.931950190765167	48.62683360895441	42.52581180093983	34.596455	34.55008	0.6003289216756821	0.5256348806619644	-34.9621488571167	58002	116005
128040	2174	1734.7361042499542	45.850272041257625	46.0864150582508	1.3369102271019844	47.289448262852204	43.84757318890608	34.70636	34.702396	0.515263215303421	0.46594134747982024	-35.00895404815674	59020	118041
130020	2228	1761.0292060375214	44.01054391575851	43.69180169441764	1.3913558196048377	46.049923258604124	42.22133773692865	35.177383	35.16441	0.5178657613694668	0.47036923304200173	-35.193744316101075	60010	120021
132017	2279	1787.0966532230377	44.85919722318592	44.56958986897732	1.8757835327875771	48.012167899660575	42.38840334473727	34.88307	34.882095	0.5766457970440387	0.5232040562480688	-35.33102478027344	61009	122018
134001	2333	1811.8821756839752	44.510393733392505	44.58198353908185	1.9898037667489397	48.58624973035953	41.294366208366526	34.744602	34.74862	0.4516760149598122	0.4300541400909424	-35.36360874176025	62001	124002
136036	2389	1838.9303987026215	44.647633156872566	44.51937378883677	1.669873124787195	47.41574909047399	41.79480240357113	35.046844	35.068806	0.569271025210619	0.5507387463748455	-35.485185356140136	63018	126037
138018	2441	1863.7192404270172	44.757402299775535	45.23905246642721	1.4500490318435832	46.704058163293595	41.475897963565224	35.775673	35.76075	0.4880439114570618	0.4644193369150162	-35.633903465271	64009	128019
140008	2497	1890.3252012729645	44.801582310388156	44.9085577401528	0.8327161169677331	46.06815246063563	43.471463196642404	35.4865	35.45136	0.5144906783103943	0.4897129216790199	-35.6994987487793	65004	130009
142016	2548	1915.279653787613	44.56775985902932	44.93042291509673	2.686036243754107	49.23665585073223	40.129169542950144	35.300205	35.309296	0.4777121278643608	0.43798796497285364	-35.741163635253905	66008	132017
144007	2601	1941.7238252162933	45.232676086177726	44.78234644027235	2.305840826335968	49.43764015903724	41.934126391260506	35.61567	35.590473	0.45270413905382156	0.4135066778212786	-36.05800991058349	67004	134008
146004	2654	1966.8966844081879	44.69386162103165	45.0218869323868	1.674464991035481	46.54069931873671	41.05975380000566	35.977192	35.992947	0.37588631853461263	0.3604520083963871	-36.049845428466796	68002	136005
148005	2707	1993.3412005901337	44.36310262521632	44.807821162354784	1.7495743848578673	47.181340097021206	41.51887974347975	35.964428	35.98563	0.480834126919508	0.4729292656481266	-36.116169166564944	69003	138006
150025	2761	2019.1626298427582	45.244783643732106	45.348050249343466	1.4694473246456228	47.063555461824635	42.91727683281015	35.9618	35.928123	0.48290499970316886	0.47792789682745934	-36.147926826477054	70013	140026
152026	2816	2044.9713275432587	43.979408568397716	44.40268335875113	2.6411128796917667	48.56413058266859	40.64910075691314	35.65289	35.696507	0.48880711928009984	0.47082991153001785	-36.17999912261963	71013	142027
154000	2871	2070.8048548698425	44.750242772461014	44.36664265484022	1.6317309094110424	48.18604751894803	43.064230019260634	35.92356	35.916733	0.4021783508360386	0.3935243549197912	-36.20584888458252	72000	144001
156024	2926	2096.8914387226105	44.05668487533029	44.3614664032843	1.37446837821362	46.19905209876431	42.30924576768066	36.25969	36.26559	0.5267825902998448	0.46835870020091536	-36.32094127655029	73012	146025
158005	2982	2122.48237323761	45.793581985696264	45.7263743431934	1.9543547699590254	48.74348124821077	42.34122065587887	36.316555	36.30687	0.4644501426815987	0.41134902477264407	-36.26255809783935	74003	148006
160000	3038	2149.311711549759	44.65639996694639	45.17981180243586	2.0435920292806284	46.6008507152816	39.218594173986396	35.92869	35.92181	0.4764706817269325	0.4712987268716097	-36.37783920288086	75000	150001
162005	3094	2174.0125613212585	45.36051320999717	45.401438805990026	1.7713351491185434	48.059604326201	42.189476672495886	35.97504	35.94482	0.46815971568226816	0.45493983894586565	-36.46037578582764	76003	152006
164026	3147	2200.5971579551697	45.028844100668714	44.88273190372053	1.2843242798594166	46.73369044405095	42.91174670189307	36.437347	36.420765	0.509268736243248	0.47029950499534606	-36.529813613891605	77013	154027
166038	3200	2226.856852054596	44.97542332269471	44.92222017934253	0.992400160817854	46.699996625884005	42.9853838793762	36.246975	36.214115	0.34180793464183806	0.3238650082051754	-36.50367149353028	78019	156039
168014	3255	2252.869438648224	44.71188325510934	44.74208403113163	2.7271552106851225	49.6496489273309	39.048441212482906	36.17382	36.157833	0.5171524810791016	0.4537146678566933	-36.678590545654295	79007	158015
170014	3308	2278.8149530887604	43.29627786735512	44.52393825760802	3.329189651461656	46.67919577750821	35.21968307376147	36.469013	36.471397	0.46959501326084135	0.4573997829854488	-36.490624504089354	80007	160015
172013	3364	2305.189410686493	44.85899656779754	44.395884383095265	2.0728012600591184	48.20249079797951	42.51703787718761	36.6411	36.660637	0.39548161908984186	0.39333615094423297	-36.7158211517334	81007	162014
174000	3420	2330.581067800522	44.81863378241051	44.92732780895068	1.5728360584899654	47.42415454041949	42.22845726019479	36.08234	36.071156	0.5835181000828743	0.562193002551794	-36.573257751464844	82000	164001
176011	3471	2358.245311975479	39.50850855705193	44.43986217105613	15.933030432813691	46.623365824509854	-5.676892419568205	36.75755	36.74983	0.46583873957395555	0.42024981528520583	-36.72888607025146	83006	166012
178019	3529	2384.0717198848724	45.16461707130373	45.75918997158135	2.002306200332973	47.576313345496885	40.57973342264661	36.576546	36.56013	0.42508742555975915	0.39366200044751165	-36.708524208068845	84010	168020
180002	3587	2410.1096997261047	44.13833432003017	44.317950512658186	2.3505662875554574	47.35163409517082	39.1842492813562	36.48997	36.47212	0.48140117913484576	0.4667565222084522	-36.825586853027346	85001	170003
182009	3639	2436.8654351234436	44.33415053174329	44.41103456848221	2.235619910082607	48.735499006143826	41.577811898272785	36.32211	36.28807	0.5106138809025288	0.44485556565225126	-36.87013759613037	86005	172010
184004	3694	2462.24897480011	45.446653248091664	45.547590125068126	1.658726612173767	49.18410186920003	43.42619706999881	36.578377	36.571457	0.43770914897322655	0.37518018536269665	-36.91664638519287	87002	174005
186033	3754	2488.155818939209	44.583412056207436	44.62600253729022	1.6013159571103874	46.54860917443408	41.867219627817924	36.604034	36.59569	0.4857689444720745	0.4369704362750053	-36.86019119262696	88017	176034
188009	3811	2513.6477677822113	44.36262880409507	44.62161252227225	1.345087244301514	46.09989922031622	41.4441509608204	36.67371	36.655308	0.4489665088057518	0.441632017865777	-36.97424270629883	89005	178010
190020	3866	2539.793520450592	45.49537229002426	45.292591946020345	1.309319974789952	48.41987490989838	43.96664546224691	36.821507	36.820686	0.44627893462777135	0.4111810773611069	-37.13540367126465	90010	180021
192011	3925	2566.845870733261	44.97532037421564	44.8872989606336	2.02429784536065	48.15814529172302	41.97418338996483	36.677513	36.669254	0.43509907871484754	0.4156040309369564	-37.10828475952148	91006	182012
194013	3980	2592.588721513748	45.72481328125807	46.44543004262333	1.9536757798086197	48.807308009670365	42.52771282376465	36.880875	36.884525	0.5126208472251892	0.4819058585166931	-37.050550346374514	92007	184014
196016	4038	2618.9300949573517	44.65035943901178	44.47398731232244	1.9624989258763017	47.900127097180636	41.59217316039209	36.953396	36.96675	0.40345456555485726	0.3517046022415161	-37.18046993255615	93008	186017
198003	4097	2644.3151409626007	45.6103502249058	45.94613612875122	2.2039398117774303	49.21076616010768	42.30000090853665	36.68668	36.710712	0.4734236213564873	0.4095668635517359	-37.30265895843506	94002	188004
200026	4156	2671.012127637863	45.47623716593681	44.760246251860835	1.8347929774523586	48.871087977235675	43.58294920822043	36.79597	36.771496	0.37898872829973695	0.34455772042274474	-37.26993434906006	95013	190027
202041	4212	2697.0335578918457	45.07574283642673	44.91541507447799	1.420149012213023	48.24273529964636	43.288956106468746	36.878815	36.90797	0.3945082135498524	0.35179326593875887	-37.2845539855957	96021	192042
204025	4267	2722.6477892398834	43.91267017899447	44.338739163209915	1.5420076476238533	46.28504775891522	40.44067223099161	37.243774	37.26058	0.4265582175552845	0.3822333078086376	-37.36917850494385	97013	194026
206024	4324	2748.6394457817078	45.0164457817214	44.79853072106704	1.660641522002849	48.476910887824296	42.06837327049599	37.674587	37.66262	0.3619366642832756	0.31602020673453807	-37.468512992858884	98012	196025
208041	4383	2774.6589965820312	44.19806975837939	44.551463022359144	1.6093112304204282	46.290293543248325	41.09503090759871	37.241203	37.226383	0.430541200786829	0.3998874942958355	-37.51577663421631	99021	198042
210011	4438	2800.487321138382	45.91840929207873	45.887910378059274	1.3131130477356514	47.695721037806614	44.05092647686793	37.416946	37.388786	0.42355972461402414	0.40552699044346807	-37.59579692840576	100006	200012
212012	4497	2827.1502356529236	44.54171758257272	44.712838084663886	1.7371675046645993	47.03718324595149	40.55104521443082	37.71964	37.74233	0.3998044569790363	0.39397479526698587	-37.63279472351074	101006	202013
214010	4555	2853.174099445343	45.846957301896865	45.793047102617976	1.2000312288729944	47.98918122226232	44.09197316947273	37.433155	37.459282	0.41190800234675407	0.383358379304409	-37.607321166992186	102005	204011
216044	4615	2879.4133183956146	45.35919864894819	45.16567102582108	1.850672776992725	48.520728278948326	42.68519136861856	37.208866	37.186344	0.4192772850394249	0.3644753385335207	-37.553871154785156	103022	206045
218030	4674	2904.85173535347	44.23583730798658	44.48200097578365	1.7124353416910765	47.33536172063656	42.2490309430457	37.39681	37.383633	0.41465766593813896	0.39484353303909303	-37.61950939178467	104015	208031
220023	4727	2931.1144716739655	45.348615485497604	45.300227784197375	1.360378464532261	46.98874341892789	43.33737760523496	37.544773	37.530632	0.42689248219132425	0.40238898068666457	-37.5758345413208	105012	210024
222019	4784	2957.6083087921143	44.88893951440362	44.66604135048243	2.2292295988267763	48.805880158612354	42.24305441887881	37.30628	37.303062	0.35491051509976385	0.33390261337161065	-37.619323081970215	106010	212020
224059	4848	2984.840565919876	45.02318709814237	44.96296809531519	2.048435075072778	48.95217067011015	41.733371034827336	37.47825	37.455025	0.4154138779640198	0.39790368504822254	-37.686173095703126	107030	214060
226008	4907	3010.1041033267975	45.13236875224004	45.10681393705609	1.951775374328892	47.88086336349724	41.391653259746	37.496834	37.511086	0.3703618711233139	0.3263526019454002	-37.675690460205075	108004	216009
228023	4968	3036.887298107147	44.943254875524175	44.50873763048078	1.7189455769009163	48.68394113571968	42.48515365188284	37.342285	37.36188	0.3712763322889805	0.34499656736850737	-37.7150842666626	109012	218024
230025	5029	3063.4858486652374	43.54962575653065	44.147625191551846	2.152923643846489	46.30832342088122	40.616297523842945	37.69362	37.677673	0.36789945818483827	0.3646481892466545	-37.79624885559082	110013	220026
232021	5085	3088.7407550811768	45.038389757731366	44.26928796238094	2.2029482163660274	48.880566298633866	42.262669712278566	37.20344	37.220547	0.3879491636157036	0.3653614681959152	-37.69317672729492	111011	222022
234026	5144	3115.6004405021667	44.414147982900445	44.47369859694786	1.521863738846078	46.721830711082916	42.293728529761005	37.735577	37.753365	0.42755839973688126	0.375032110363245	-37.81338024139404	112013	224027
236035	5205	3141.910807132721	44.82360097765476	45.48266711395521	2.188050702977317	47.58417187163695	41.26346983242588	37.63923	37.64653	0.3445084261894226	0.31357552982866765	-37.85872955322266	113018	226036
238004	5265	3167.1950409412384	44.963844662014196	45.29029523765148	2.46526877334246	48.47488998227397	40.84941917574548	37.811665	37.807953	0.4050335117429495	0.3746611049026251	-37.87498020172119	114002	228005
240015	5327	3193.15584731102	45.170095145059165	44.72379644765735	1.3544674857625074	47.13955181290293	43.64925674445908	37.954067	37.963757	0.30458315275609493	0.2890959953516722	-37.937992630004885	115008	230016
242027	5387	3219.1621973514557	44.58626499201765	44.80972214057278	1.433004752025479	46.38910182045729	42.078035308801105	37.76564	37.758343	0.47844687283039095	0.43717205777764323	-38.027512054443356	116014	232028
244017	5450	3245.1841559410095	44.71394910630166	43.96008684003182	1.8218150182069868	47.31578170998537	43.00614421429299	37.797333	37.788277	0.32300221294164655	0.3011428964138031	-38.016408348083495	117009	234018
246022	5512	3271.175525665283	45.17932517427079	45.16356224966628	1.2377218801280083	47.694076639961864	43.52742715930766	37.54028	37.527493	0.3127459235489368	0.28714518137276174	-38.0317650604248	118011	236023
248015	5572	3298.1496872901917	44.698148667725675	44.594077319259846	1.7282841597380127	48.45590439627169	42.604913547344644	37.6464	37.665	0.44063686788082124	0.3821674356609583	-38.030280914306644	119008	238016
250021	5631	3323.241017103195	44.62986437327355	45.40897405526224	2.4691019212613226	47.836464612818546	41.08441374344164	37.43578	37.437424	0.3185228373110294	0.2878526125848293	-38.00935653686523	120011	240022
252004	5693	3349.3014476299286	45.17937779024135	44.967666075251685	1.665970631020418	49.20641919109408	43.442475261431156	37.953186	37.944603	0.38271121501922606	0.32180190660059454	-38.09417205810547	121002	242005
254040	5757	3375.751541376114	44.68107590993143	44.96147200565733	1.9485581656890425	48.075830019460696	42.148796058552875	37.323902	37.32474	0.33421492591500285	0.31139456570148466	-38.02786972045899	122020	244041
256010	5818	3401.112386703491	45.65365810272307	45.89721791913557	1.8558373158206805	49.03909256725483	43.23045408397088	38.05378	38.066967	0.2881872037053108	0.2833142101764679	-38.10070861816406	123005	246011
258000	5878	3427.499432325363	44.53115269613325	44.463497236824324	1.6998654187486666	47.92426761805721	42.52963030294326	38.310036	38.285904	0.3538160678744316	0.3112996196746826	-38.1732829284668	124000	248001
260000	5940	3453.871436357498	45.8782816846893	45.742522017385895	1.5538557064935112	48.55378623147972	43.97327980960583	38.04081	38.063087	0.33244371436536313	0.3178002557903528	-38.168064002990725	125000	250001
262012	6002	3480.2531654834747	45.122946422699364	45.28711166347227	1.9094663492917243	48.57157660743943	42.09110060451469	37.6093	37.592335	0.3680342760682106	0.355420304313302	-38.140414810180665	126006	252013
264019	6063	3505.7634506225586	44.808117201647065	44.42383656538605	1.627620614631296	47.47759471384805	43.020063101640595	38.24862	38.24502	0.34756002873182296	0.33694098196923733	-38.30357601165772	127010	254020
266021	6127	3531.1317522525787	44.909903620503044	44.726186125549035	2.152372156945777	47.6021691256654	40.52869565884057	38.063297	38.058304	0.37137259878218176	0.3147130448371172	-38.28689624786377	128011	256022
268029	6186	3556.0410540103912	44.51928873506067	44.681036078469916	1.5622950855535889	46.637713871622864	41.50502701980064	37.839508	37.833973	0.4518302220106125	0.4032763284444809	-38.17308448791504	129015	258030
270037	6250	3581.544268131256	44.793649917043844	45.27467288097091	1.5947053113711935	46.40651375499371	42.49028133190696	38.218033	38.213696	0.3392164599150419	0.30466306261718273	-38.23087284088135	130019	260038
272019	6313	3606.3524267673492	43.86089853650836	44.10631581270353	2.3091934374598067	47.98624769297938	40.398125994970876	38.05881	38.036095	0.30500825479626653	0.27592170886695383	-38.39280200958252	131010	262020
274049	6376	3631.8591299057007	44.790363155535864	44.74209361393531	1.9660288312021719	48.57881497891109	42.711375777947794	37.739056	37.764915	0.3839302381873131	0.37417516320943833	-38.3273046875	132025	264050
276006	6438	3657.924460172653	44.878198808207635	44.64819763489896	1.3643521292514742	46.926601247878644	42.77024699457505	38.04496	38.052906	0.32907277531921864	0.3189980874955654	-38.38296337127686	133003	266007
278031	6501	3684.3024747371674	44.07541684052789	44.10948337270217	1.0848738163498741	45.69912769221432	42.54220715123403	37.994804	37.978817	0.3071947780251503	0.28568676017224787	-38.19295696258545	134016	268032
280005	6564	3710.4479830265045	44.90659067097815	45.30889462948652	2.4625780471110037	48.59395807323699	40.94517981116526	37.84102	37.835075	0.30338281616568563	0.28201544351875785	-38.40359375	135003	270006
282000	6626	3736.221471786499	45.09386605295022	45.166689040094624	2.754933390564908	49.56212986752465	40.51382114525961	38.24655	38.210743	0.3757956846803427	0.38476266488432886	-38.49504383087158	136000	272001
284039	6688	3763.370324611664	44.39980116227017	44.138940310605406	1.3848079630986316	46.18542581777194	42.85628816904336	38.116047	38.13169	0.30104425109922883	0.3227282642573118	-38.18950603485107	137020	274040
286019	6748	3788.607841014862	46.13364096572664	46.110407349421806	2.0239795560280642	48.56321946805147	43.02786890344857	38.479427	38.48991	0.35885184682905674	0.34303773902356627	-38.49606372833252	138010	276020
288010	6809	3815.1770832538605	44.59104414330176	44.95085464618509	1.7162142542141754	46.78095859367064	41.43254328578771	38.4955	38.499763	0.36867479540407655	0.3418747869133949	-38.45078731536865	139005	278011
290012	6875	3841.280982732773	45.69350749090651	45.51997435972517	1.300535962832415	48.263760597300475	43.58432664695589	38.629795	38.650078	0.3163054460287094	0.28239117734134195	-38.454443359375	140006	280013
292015	6936	3866.9266946315765	45.13576127377577	44.60180871269901	1.9919275490455857	49.19459979910332	42.86463360935545	38.216133	38.197308	0.3289886987954378	0.3150655761361122	-38.51964962005615	141008	282016
294001	7001	3893.1668915748596	43.96307602094599	44.304627072509376	2.066483857291457	47.24789768562543	40.067541232856584	38.487595	38.519226	0.31898356847465037	0.32112830579280854	-38.52429481506348	142001	284002
296005	7064	3919.1675248146057	45.55436368281464	45.358662430503514	1.2303989561675046	47.674046543944755	44.25131487166246	38.42068	38.43182	0.3297314709424973	0.3024019096791744	-38.56111164093018	143003	286006
298009	7129	3945.3608639240265	44.53187829473555	44.63816466653013	1.2416547396744215	46.10648728410029	41.77760700826586	38.307213	38.308323	0.3364140632748604	0.31136731907725335	-38.5691996383667	144005	288010
300022	7194	3971.984388113022	45.08970228667845	45.07492395980368	1.5028910833355407	47.729082012958564	42.57495982900081	38.89096	38.89311	0.330880980938673	0.31488780185580256	-38.701829795837405	145011	290023
302014	7257	3997.470712661743	45.02205429048709	45.01765517048989	1.9537998172660598	48.36957298241698	42.80270199156619	38.398388	38.40108	0.3083624165505171	0.28359606057405473	-38.559811401367185	146007	292015
304015	7321	4024.030075073242	44.90794586880209	44.50512971735115	1.5759139531282924	47.638304558665595	42.12344074452876	38.43171	38.438244	0.3775577127188444	0.3600589565932751	-38.638856964111326	147008	294016
306006	7388	4049.7224490642548	45.157328701851284	45.67791891617195	2.279718318121375	47.80442503177874	41.11596240409677	38.756523	38.762188	0.34421045109629633	0.3203888646513224	-38.71784084320068	148003	296007
308022	7453	4076.1232171058655	44.93667212348384	44.91292538944373	2.0112301357816778	48.163644245796945	41.48572708128249	38.290947	38.29931	0.33175805933773517	0.2974624293297529	-38.59991004943848	149011	298023
310026	7519	4101.447292327881	45.37666936072865	45.37147595261333	0.9246382847079321	46.93115991813031	43.66033930294857	38.59378	38.61877	0.29496555276215075	0.28268963113427165	-38.82010242462158	150013	300027
312012	7580	4129.1365287303925	38.863263645892324	43.28760780883792	15.958091712845954	47.13889915670536	-6.344783665058343	38.518337	38.537785	0.28289945237338543	0.24530854366719723	-38.787805519104005	151006	302013
314003	7643	4154.730608463287	44.973137349652376	44.750049202605084	1.2077503109321237	47.24100902309405	43.7235149951686	38.485016	38.48425	0.27470099449157714	0.25260458678007125	-38.81730159759522	152002	304004
316010	7710	4180.322205781937	45.65973567600079	45.56767853820101	1.6298296115884687	49.05766903151164	43.36664451673153	38.79754	38.76332	0.28740018978714943	0.25001395247876645	-38.86507537841797	153005	306011
318027	7775	4207.231297254562	44.981488985470264	45.279867185251405	1.505821772754989	46.87067809288425	41.89417772293494	38.62575	38.61774	0.31086506865918634	0.28859713844954965	-38.86629688262939	154014	308028
320003	7839	4232.723575353622	45.38417059305984	45.75640727088461	1.373945271935861	47.372447183516506	43.20781163417707	39.007133	38.996002	0.26741428293287756	0.2545773437619209	-38.95269260406494	155002	310004
322004	7904	4259.04855132103	44.31646317865043	44.090322852411006	1.6835339791007289	46.696308072119734	41.70188686715659	38.357353	38.370384	0.3337185310572386	0.31836973384022715	-38.9394478225708	156002	312005
324036	7968	4285.7770216465	44.50710724605055	44.56116286920689	2.6029127067450797	48.36012510677271	40.99321114163295	38.91692	38.923767	0.33106693722307684	0.300740277916193	-39.01723834991455	157018	314037
326003	8033	4311.779284238815	44.773430975797176	44.729573380897726	1.4671823864109848	46.82303266772837	41.19626201362394	38.923473	38.94058	0.30589976407587527	0.2771615363657475	-38.9559094619751	158002	316004
328008	8098	4338.117776155472	44.94857162700962	44.99191642375317	1.5086477036671313	47.85688119424458	42.82607731532689	38.985725	39.016838	0.27246290042996407	0.24497530460357667	-38.90726608276367	159004	318009
330106	8165	4365.5590143203735	45.076747955578156	44.8218444160784	1.5650556805677578	47.62842960210096	43.40346519255258	39.00632	38.99072	0.27287964515388013	0.25867104567587373	-38.88352195739746	160053	320107
332033	8230	4390.169640302658	44.83869136677783	44.81865835704173	2.340509340393906	48.50768419531147	41.1939303735611	38.721493	38.741062	0.3000156432390213	0.262081990391016	-39.12210132598877	161017	322034
334029	8295	4416.627301692963	44.12999826086381	44.08735188794027	2.408198171465081	49.59167578064571	40.65853289599089	39.213936	39.224625	0.30024831764400006	0.2910251159220934	-38.97557018280029	162015	324030
336015	8362	4442.372614860535	44.39642793857579	44.014745740368134	1.1214767562379035	46.35182038714359	42.788514021346316	38.8134	38.797226	0.25197485260665414	0.22682218611240387	-39.05951923370361	163008	326016
338001	8428	4467.974135398865	45.18939925398309	45.27370793018425	2.281706920905216	49.20081934149124	42.22341886371484	39.079117	39.13121	0.28348324008285997	0.25366596177220346	-39.13509418487549	164001	328002
340008	8495	4493.936097383499	45.64826162338778	45.83912792737063	2.3482784938011183	48.7179048210395	41.23527804108856	38.874157	38.867275	0.2664279267191887	0.26365214444696905	-39.10967723846436	165004	330009
342025	8560	4520.407012224197	45.53236589282161	45.230510121048596	1.2051573497315209	47.60252728403792	44.17872868502779	39.057533	39.0517	0.29097897492349145	0.2607704256474972	-39.10766082763672	166013	332026
344004	8625	4546.016453742981	45.31949919418078	44.95080718787544	1.7563717911035401	47.990098268877205	43.401298271590946	38.844757	38.829937	0.3477516297996044	0.30423726588487626	-39.04594142913818	167002	334005
346020	8690	4571.79580283165	46.246235857767736	46.387502067209866	1.391959335112309	47.932483650120524	44.18148754173715	39.023624	39.01815	0.24715058021247388	0.2332340434193611	-39.156236534118655	168010	336021
348012	8759	4597.49493765831	45.628020364587975	45.65785947024746	0.9977213036299261	47.463822775844214	43.89778890217938	39.24337	39.214264	0.2659749189764261	0.22729215018451213	-39.15825786590576	169006	338013
350027	8826	4623.690459728241	45.15383657666266	44.56724928837198	2.2676420290942128	49.72450536237534	41.724626575269625	38.84646	38.844303	0.31164486810564995	0.287495147138834	-39.108631973266604	170014	340028
352030	8891	4649.918260574341	44.608786985651534	44.771352103028704	1.4965033572562816	46.60756530224407	41.64876408950261	38.77069	38.77035	0.2618417479842901	0.23233054533600808	-39.24598949432373	171015	342031
354020	8957	4676.12531208992	44.5540821108702	44.67288682899332	2.590381206199114	48.70273000735447	39.784314026726186	38.95022	38.96675	0.32719390697777273	0.3047201259434223	-39.23586292266846	172010	344021
356009	9024	4701.516564846039	44.950863037686574	45.293934699403124	1.6551141010344068	46.71702896642058	41.2002770180629	39.11125	39.09494	0.2740367819368839	0.253890253379941	-39.24344783782959	173005	346010
358013	9088	4728.09756565094	44.8725995102462	44.5849115815699	1.7506092023600512	48.28181900395917	42.951521856916195	39.22571	39.218857	0.2641870226711035	0.23624213851988315	-39.23282035827637	174007	348014
360000	9154	4754.818985939026	43.45738525699149	43.38941165290834	1.2367151209674208	45.59869077201544	40.81603518688133	39.0321	39.010715	0.278753167539835	0.2615524698793888	-39.22950397491455	175000	350001
362008	9218	4780.83158659935	45.68415467318079	45.02809568788335	1.7950930974800356	49.16022767222432	43.434992740554364	38.78107	38.793262	0.27959554731845854	0.23407208412885666	-39.30452850341797	176004	352009
364029	9284	4807.613351583481	45.088676484839084	45.065024334824294	1.9226258323040177	47.69290245113661	42.31950180461525	39.18117	39.198185	0.3074232530593872	0.276418482363224	-39.26418529510498	177015	354030
366019	9352	4832.967850923538	45.68064771533963	45.42365008235609	1.7146001450774828	48.591831741547146	43.15884087188983	38.79936	38.77478	0.2553542611002922	0.21981491651386023	-39.2618486404419	178010	356020
368012	9417	4859.028235673904	44.400989117516026	44.40829067715363	2.1312333653759747	48.05061773234883	41.32810376936813	39.37836	39.401646	0.2273530414700508	0.18990634553134442	-39.23728816986084	179006	358013
370008	9484	4884.318221569061	44.932141362132064	45.2792934698126	1.3109306556843283	47.00097649397859	42.381326106094356	39.103245	39.085632	0.25499040499329567	0.2191551820933819	-39.192956352233885	180004	360009
372001	9549	4910.698359251022	44.86386329490303	45.221231796608784	1.7484994668348137	46.818832871901506	41.688069761848624	39.34111	39.32447	0.3168002077937126	0.28192391142249107	-39.32152114868164	181001	362002
374003	9621	4937.15053486824	44.72982933647134	44.88435485014263	1.746885496102068	46.890606214128056	41.636747015914494	39.23595	39.228554	0.25026074312627317	0.23615784876048565	-39.284187393188475	182002	364004
376008	9688	4963.565034151077	44.195055988137526	44.15212557792974	1.6325557851601682	46.745709642982256	41.10820544642254	38.837856	38.840584	0.284660906419158	0.25454366482794283	-39.200310440063475	183004	366009
378020	9755	4989.791596412659	43.559266932821856	43.39390459556854	1.570938862552105	45.74142038794558	40.69943669241706	39.10718	39.082436	0.24669624000787735	0.22923134565353392	-39.30755500793457	184010	368021
380000	9821	5015.027903079987	44.67241337793095	44.34935694921893	2.019819147246488	49.33096038966129	42.574649347833784	39.345093	39.31163	0.27000600010156633	0.23403664328157903	-39.35598999023438	185000	370001
382005	9889	5041.131488323212	44.871904073261824	44.67867410495657	1.8693828123094176	49.41229887147075	42.774522646088506	38.95331	38.9491	0.23484207592904568	0.21446190968155862	-39.34088806152344	186003	372006
384010	9957	5066.769301176071	43.90929485625708	43.94102106314	1.3194596091513688	45.72178256998772	41.33417388344631	39.405594	39.408226	0.241639948412776	0.2332255331426859	-39.4193046951294	187005	374011
386024	10024	5093.341558218002	44.66867996448886	44.36017432037939	2.2053321746291203	49.07272475384391	40.83948851187999	39.183937	39.181973	0.2593380905687809	0.23604819566011428	-39.339958686828616	188012	376025
388024	10094	5119.584336280823	44.975031707293624	44.77630950778159	1.686905258433275	47.48750093039872	42.67982366170358	38.844868	38.846798	0.25773342095315455	0.2278365146368742	-39.34746971130371	189012	378025
390027	10157	5145.430486917496	44.84598583730076	45.09143458161794	1.9616956971469395	47.854237226406696	40.700573264193984	39.632233	39.663914	0.2723547587543726	0.2347837768495083	-39.41428390502929	190014	380028
392008	10223	5171.135198354721	44.7784364385424	44.844935617906245	1.3409174024858055	47.24023408451217	42.95339507135355	39.17061	39.156467	0.2368936802446842	0.21796094976365565	-39.330258255004885	191004	382009
394002	10292	5197.162712335587	44.86868859149847	44.978029141923116	2.3357935213492045	47.64380159913564	41.06656825545282	39.27183	39.279476	0.27231340400874615	0.24838315404951572	-39.45908660888672	192001	384003
396015	10363	5223.790267705917	44.49652990651131	44.37331520178917	1.2207108523296628	46.459076261109814	42.44910367500723	39.703342	39.687366	0.2621676649898291	0.2563857239484787	-39.47672462463379	193008	386016
398014	10431	5249.805843830109	45.00307371042902	45.02465792026089	1.8204581174204661	47.51481260361525	41.61506294704259	39.054314	39.040154	0.25399816036224365	0.2410332066565752	-39.43847568511963	194007	388015
400006	10496	5275.554017782211	46.29705051172349	46.171782905150536	0.9639004778647138	48.38819084297333	45.0522436819812	38.989017	38.981266	0.2573227195441723	0.2388331939280033	-39.51925235748291	195003	390007
402036	10566	5302.381320238113	46.15360089182029	46.05197165716886	2.0341169263158783	48.57963251686567	42.990715491066176	38.97703	38.976303	0.2353639680147171	0.23114757142961026	-39.45067493438721	196018	392037
404022	10636	5327.947306394577	45.3534967478777	45.30263749754573	1.840002129615897	48.580050682553825	42.76876339285009	39.44978	39.42947	0.2824541312456131	0.2643200919032097	-39.59213768005371	197011	394023
406013	10703	5354.560464382172	45.344485456127735	45.5568954009502	1.4303777675948706	48.04578728644737	43.26471955927786	39.55295	39.540863	0.2711818282306194	0.2484492054581642	-39.54774013519287	198007	396014
408024	10772	5380.601389169693	44.96698017220766	45.144733218675974	1.799666302789311	47.84149966033323	41.33461252470127	39.32477	39.3414	0.2957679127901793	0.2685879013687372	-39.539875221252444	199012	398025
410003	10838	5406.563766956329	44.93325042899047	44.746880681397585	1.3186361139774485	47.47454224174542	42.85759272867864	39.614468	39.61724	0.2293890429288149	0.2298278572410345	-39.54595191955566	200002	400004
412020	10905	5433.042323112488	44.76129467251781	44.98422348575825	1.6654636301118548	46.51413382480511	41.591039090019386	39.261917	39.282448	0.251294903382659	0.2166721873730421	-39.56146728515625	201010	402021
414000	10973	5459.141089439392	44.469649971374935	44.66080820625301	1.4763261833393855	46.46500774643765	42.00941421699246	39.544937	39.558277	0.27149897411465646	0.2465324504673481	-39.64302272796631	202000	404001
416010	11043	5485.207417726517	44.863957354022354	45.37411074539519	2.037717168398562	47.54946172859663	42.132095691551285	39.644997	39.64703	0.23326272487640382	0.20261961475014686	-39.560622711181644	203005	406011
418004	11115	5511.612696170807	46.26833058700445	46.613034907374846	2.4846845073293444	49.13051631762218	41.45546288936474	39.54965	39.538063	0.22461584627628325	0.20385690417140723	-39.50105731964111	204002	408005
420019	11187	5538.31557559967	44.45562739692799	44.705591827226634	2.3821297460413184	47.92519909390768	40.41350121777488	39.607204	39.591267	0.34322783902287485	0.2988083943724632	-39.5311693572998	205010	410020
422018	11251	5565.354987859726	40.93536314224753	45.98845748768652	16.206005167848833	48.79389681326187	-4.892049099503789	39.483337	39.4802	0.3009693419933319	0.26944786675274374	-39.62554225921631	206009	412019
424015	11323	5591.974318981171	44.30379372648761	44.67854048671816	1.557336353161044	46.848619398010456	41.80911346930222	39.279125	39.298782	0.233866585791111	0.20889826670289038	-39.584121742248534	207008	414016
426021	11391	5617.661920547485	44.951144098757744	44.97019045696106	1.9143229950071063	48.94720028522734	41.35357781254565	39.70568	39.665726	0.25347293965518475	0.2448934531956911	-39.70461917877197	208011	416022
428004	11458	5644.113790035248	45.50000455882294	45.347264387056974	1.282717717258721	47.333443112676925	42.97319217342104	39.64536	39.63299	0.23561612598598003	0.19782161414623262	-39.65718292236328	209002	418005
430007	11529	5669.591778755188	44.66182929445592	44.326147362586035	1.486128595464678	46.429832229693915	42.61310908532579	39.58172	39.59609	0.2452618867903948	0.23276702120900153	-39.73632976531982	210004	420008
432007	11597	5696.6750638484955	45.15487808013527	44.933506354393906	1.797827070792609	48.27300877974108	42.74442975738985	39.49427	39.475376	0.3097142469137907	0.31081257164478304	-39.72216011047363	211004	422008
434005	11664	5722.391924858093	44.83137218392875	44.11062688699492	2.3973167451340482	48.50647482997573	41.92522937822245	39.420277	39.431896	0.27721122235059736	0.23042696073651314	-39.729074783325196	212003	424006
436000	11730	5748.528731584549	45.46807594716855	45.33506451721361	2.175760755996506	49.120506423169	42.13408542961003	39.47397	39.488865	0.25621945038437843	0.22090602785348892	-39.58273414611816	213000	426001
438029	11801	5774.808759212494	44.34052666521357	44.46664404300047	1.8990054605910305	46.647824939399456	40.62695798239376	39.53385	39.54962	0.2259912098199129	0.1835659994930029	-39.65351497650146	214015	428030
440013	11872	5800.782911062241	45.41146380879174	45.48563587606243	1.2823006467793534	47.52973860414935	43.35740540317163	39.441093	39.44079	0.24405169129371643	0.24051597192883492	-39.75333194732666	215007	430014
442014	11937	5827.750564813614	45.614144217209756	45.667594219490944	1.3294133334243807	48.076657583011865	43.27485637094861	39.62033	39.630688	0.23810232408344745	0.2324223631620407	-39.70865898132324	216007	432015
444017	12005	5854.205015897751	44.758746526260246	43.72490667608159	2.255691233087715	48.9272214932668	42.055197326001625	39.769264	39.78039	0.20748746551573277	0.19084001049399377	-39.6794393157959	217009	434018
446009	12074	5880.161717414856	43.99740973390961	44.22087190452497	1.4757933702124493	46.23233772187318	41.660713341163145	39.371166	39.390896	0.2208382220566273	0.19165522135794164	-39.71144653320312	218005	436010
448005	12142	5906.789049863815	45.45894203577614	45.41018995232038	1.484372952199845	47.95036813245903	43.15840074247521	39.677826	39.671276	0.20700115099549293	0.1897650396078825	-39.78455532073975	219003	438006
450046	12212	5933.35697722435	45.49459051855511	45.47362588458246	2.0384878557809514	48.23460650498005	42.54670265753051	39.682327	39.666256	0.2960518418252468	0.2623997087776661	-39.81315906524658	220023	440047
452023	12278	5959.348745584488	45.32047505428398	45.50362504605077	1.4884415778064513	47.17848551662662	42.95243947272801	39.626774	39.634514	0.2524015139788389	0.24895732387900352	-39.74165153503418	221012	442024
454023	12351	5985.4726998806	45.57268765106805	46.17092494144664	1.685460243593844	47.34109363943277	41.769923852691804	39.389484	39.389927	0.2200479055941105	0.19884394496679306	-39.73494609832764	222012	444024
456010	12419	6012.073485136032	44.88743216842841	44.74000699212287	0.9694622988981239	46.57268984635296	43.43857846437911	39.366352	39.396355	0.22379488207399845	0.21762561731040478	-39.70577785491943	223005	446011
458020	12490	6038.049980163574	45.04422285153719	44.9300254995258	2.1998775812048867	47.900325606699354	40.61259639745094	39.80638	39.822678	0.25747278608381746	0.24083314456045626	-39.788052520751954	224010	448021
460001	12560	6064.155415058136	45.4120392066821	44.92244107392044	2.1986748199569486	48.866041334558844	42.091411064037445	39.649513	39.649845	0.2693099507689476	0.23354588106274604	-39.812774085998534	225001	450002
462011	12624	6090.34175491333	44.926476780001	44.70949817344197	1.3486096853901486	46.63382477602768	43.07058451871367	39.72306	39.73088	0.2425631481409073	0.24266963854432105	-39.728963928222655	226006	452012
464012	12696	6116.570918560028	44.789043958080974	45.08222971518036	2.3912269415028007	48.255736498724076	41.659830729965634	39.88046	39.87185	0.22271830789744854	0.1971491229534149	-39.79609691619873	227006	454013
466002	12763	6143.469777345657	44.62670618378872	44.271637555054184	1.67884432764078	47.904620941367895	42.944118488546984	39.558933	39.53807	0.23439171597361563	0.22432952649891377	-39.76336322784424	228001	456003
468001	12831	6169.346913576126	45.519842527062764	45.82318006620374	1.796938865711924	47.56831797443681	42.81227470312013	39.473373	39.46514	0.23828112453222275	0.22871927581727505	-39.887296981811524	229001	458002
470018	12904	6196.4299964904785	45.74312439943784	45.908913564822825	1.2944748549043052	48.02627363726397	43.35680292550321	39.640007	39.642956	0.18542151674628257	0.16792348712682725	-39.801426048278806	230009	460019
472003	12973	6222.115293979645	45.638838758816796	46.02766493422361	2.0498192200768703	49.071843191089954	42.147355640119024	40.073	40.09169	0.23152435950934888	0.19965034820139407	-39.85696044921875	231002	462004
474010	13040	6248.326561450958	44.835763384021455	44.52987061576219	1.5883226550079113	47.17711716400662	42.238017475160845	39.799923	39.811802	0.22772234059870244	0.19275566011667253	-39.89841075897217	232005	464011
476011	13109	6274.639862537384	44.78610726162026	44.89725696584276	0.8642774422836709	46.010240810456125	43.06696245111538	39.742508	39.74092	0.22974946834146975	0.21357023239135742	-39.79382698059082	233006	466012
478011	13177	6300.337473154068	45.44789567921643	45.28141762725566	1.8786769707788273	47.96191443804335	42.576861215169515	39.452778	39.475163	0.21574176356196403	0.20009438939392565	-39.95027442932129	234006	468012
480016	13252	6326.682209730148	43.844413414674925	44.01481503204033	1.867015123182355	46.69072783141809	40.42736336190727	40.177498	40.18421	0.20974683053791524	0.2033177053183317	-39.83473705291748	235008	470017
482016	13326	6353.354164361954	43.95552076124348	44.55689702903976	2.345372816993236	47.839105630883516	40.57655515556186	39.465443	39.46261	0.2309740112349391	0.2031615862250328	-39.8685954284668	236008	472017
484001	13388	6379.326860427856	44.51344449249734	44.27963623215119	0.8510301261398489	46.4088308092021	43.47567221611098	40.18188	40.187634	0.24081479869782924	0.2033994322270155	-39.97088077545166	237001	474002
486010	13455	6405.696726560593	44.40982820423182	44.88566353327567	2.6572009557597194	48.04402583315299	40.675671553061335	40.003227	39.982285	0.2432286561280489	0.21713299237191677	-39.88550922393799	238005	476011
488032	13527	6431.959891080856	45.21631204084132	44.689894289636214	1.5513139311902986	47.477557440162315	43.5612457391155	39.764553	39.760212	0.22739448465406895	0.2024090963602066	-39.90197422027588	239016	478033
490013	13600	6458.412638664246	45.50669800740713	44.8535809777337	1.8859628495830685	49.336731930921545	43.1603440154208	39.666187	39.659492	0.23243321262300015	0.20789957903325557	-39.941203880310056	240007	480014
492014	13670	6483.950311422348	45.66931186543838	45.30716432356561	1.968038524670372	48.76306605566225	42.86122679950274	39.424103	39.427307	0.2366389001905918	0.20876456633210183	-39.85445240020752	241007	482015
494019	13738	6511.0411331653595	44.6435471881139	44.984882297742985	2.0515733855699443	47.63474284710733	41.370755958496645	39.395283	39.405064	0.29256175711750987	0.2546732909232378	-39.86207046508789	242010	484020
496028	13808	6537.462198972702	45.72540516247764	45.78845500710382	1.9837300357579517	48.96937829007454	43.32375513112195	39.394905	39.41697	0.25049621738493444	0.23213890589773656	-39.96277400970459	243014	486029
498010	13878	6563.535483837128	44.78172936011977	44.85644659697084	1.7129460267918972	47.034761180316586	42.048555821503335	39.960224	39.956215	0.2346610826998949	0.2198295357823372	-39.95675807952881	244005	488011
500009	13948	6590.0943965911865	44.72238130521161	45.08912919737001	1.758845302546203	46.84041938710924	41.95895164475586	40.163456	40.152405	0.23043763980269433	0.20768587447702885	-40.03681175231934	245005	490010
502029	14017	6615.798672437668	45.503489251772784	45.809741986477015	1.3874900946652988	47.18864061929108	43.113689449495446	39.547676	39.562717	0.21763611413538456	0.1964779707789421	-39.86154808044434	246015	492030
504017	14087	6642.14728808403	45.043149606769084	44.79850917368768	1.6550960726764947	49.30532629183393	43.3740538710668	39.888332	39.881664	0.22028631694614886	0.1977712630480528	-39.94094482421875	247009	494018
506002	14157	6667.750217199326	44.947957243982515	44.979728182317345	1.5676523711403492	47.44942224724957	42.09990353620948	39.912952	39.89629	0.2512684440612793	0.2288143189996481	-39.97043548583984	248001	496003
508006	14229	6694.325037479401	44.621920735607034	44.71637355993871	2.006607852420198	47.09035016355158	41.3000444350492	39.879486	39.87058	0.22200872771441937	0.20407737910747528	-39.90534027099609	249003	498007
510006	14301	6720.312541007996	45.797741518443324	45.39738218976391	1.2237123550022195	47.85546406721019	44.086722871946485	39.815475	39.814835	0.1885227270424366	0.16538275517523288	-39.99263957977295	250003	500007
512026	14372	6746.540978193283	44.324427158050916	44.16648858783629	1.7709261772517628	46.674999978223454	41.56326832874073	39.76951	39.76558	0.23420604661107064	0.21790724098682404	-40.01590343475342	251013	502027
514010	14437	6772.9553689956665	45.55633632986326	45.944806260076746	2.089622729968584	49.48449323550963	42.63290675274734	40.02207	40.01636	0.2607872599363327	0.23346676409244538	-39.94085350036621	252005	504011
516001	14508	6798.7847645282745	44.549702138189495	44.2930999531347	1.7747741878744774	47.54020040070762	41.1310779269632	40.100166	40.088005	0.2359917113184929	0.21645010218024255	-40.07377185821533	253001	506002
518009	14583	6825.652009010315	44.83066765304918	44.781314482798514	1.6994163484772833	47.073499526038106	41.609558711237106	39.83651	39.825157	0.2219839660823345	0.1765603469312191	-39.93034244537353	254005	508010
520025	14652	6851.92134475708	45.25481146473144	45.03512308361864	2.03371443940486	48.699647736013816	42.68398507863873	39.627598	39.608654	0.23373525209724902	0.21801145397126676	-39.9018376159668	255013	510026
522021	14718	6878.173796653748	45.218498070746854	44.96648363684967	1.7374186626871764	48.20151597565678	42.53465985351813	39.875835	39.884983	0.2004668678343296	0.1894225215166807	-39.9979434967041	256011	512022
524007	14789	6904.784492492676	45.09387357606975	45.36124153231922	1.9789289560533074	47.99595202935693	40.54390295104591	39.667923	39.66743	0.2517022532969713	0.2341963156312704	-39.9665193939209	257004	514008
526019	14861	6931.377019643784	44.23676330392598	44.41305589626583	1.266756921463241	45.92302849461108	41.78936860858088	39.884705	39.892265	0.20044135347008704	0.18378184862434865	-40.06960258483887	258010	516020
528025	14927	6957.19752907753	45.25140460482238	45.84017803303524	2.019334849522005	47.555043779536945	41.579197966680525	39.69192	39.698193	0.24223010770976544	0.20769535049796103	-39.97861427307129	259013	518026
530003	14992	6982.543448448181	44.456628411340056	44.26930387127234	2.0912414601104463	47.105908016810424	41.47086920332015	39.87549	39.871483	0.20198120571672917	0.17742295302450656	-40.08685920715332	260002	520004
532018	15065	7009.29517531395	44.91242848886792	45.41080787918684	2.360661168380659	48.82536109122137	41.150856093934536	39.898125	39.8953	0.234711369946599	0.22326372787356377	-40.00994235992432	261009	522019
534017	15137	7035.823941707611	43.15846469240968	43.09267824713572	1.5681265326644929	45.43095055978554	40.23108153074175	39.944935	39.94341	0.21251589469611645	0.19112610049545764	-40.09246086120606	262009	524018
536004	15211	7061.673932790756	45.94665027372357	45.75258200640789	1.628105341024873	48.70024553443336	44.2311130260488	40.10802	40.099743	0.2286659813672304	0.20570352748036386	-40.07339427947998	263002	526005
538031	15283	7088.183042049408	44.54218365639512	44.421573277880704	2.328554029471926	49.28715481154389	41.05183806003819	39.960766	39.967148	0.27159801959991453	0.24803686901926994	-39.96693214416504	264016	528032
540019	15351	7114.338597774506	44.12467538929598	44.5577680580493	2.0433168077000974	46.93688004275597	40.7873974656725	39.47132	39.490868	0.1877387387305498	0.17568199925124645	-40.05156318664551	265010	530020
542019	15421	7139.84859752655	44.80331720275944	44.31403617551658	2.0242716328588988	49.23349159039368	42.21924496373929	39.661648	39.677475	0.2263951800018549	0.20865896493196487	-40.09255672454834	266010	532020
544022	15490	7166.777159452438	45.138102118764	44.56177696093029	1.5528624766429946	48.35880508163273	43.487781905267994	40.18885	40.140274	0.23966760151088237	0.21756921857595443	-40.11178955078125	267011	534023
546021	15562	7193.246885538101	45.12877286480084	44.69690874555959	2.1776770675058352	48.01828540378425	42.304485133792014	40.001053	39.982296	0.22969026051461697	0.18802741825580596	-40.07501308441162	268011	536022
548014	15633	7219.642674207687	45.82217974458536	46.751790094737856	2.4570460697314696	48.105900701385615	40.714389767669	39.80402	39.822758	0.22515517711639405	0.2002935243397951	-40.05880172729492	269007	538015
550003	15700	7245.810465335846	44.00436858356634	43.92683250555551	2.1597491993066575	47.685795739634855	40.5307145598818	39.893047	39.901836	0.20883115962147714	0.19395527847111224	-40.115085182189944	270002	540004
552017	15772	7271.754528284073	45.01464441617938	44.7943523173345	1.778678615802931	48.89598232267081	42.78539043978652	40.02516	40.036648	0.22313760347664358	0.19637224219739438	-40.04283462524414	271009	542018
554001	15842	7298.08856344223	45.474269840095346	45.20535104309637	2.0855047999516927	48.5088518486767	41.44537983524935	40.175465	40.1715	0.26411510072648525	0.24245096705853939	-40.17495632171631	272001	544002
556030	15913	7325.838114023209	34.97663605968113	44.60988677408318	21.475702973881248	48.044094943015814	-7.365363842981587	40.42392	40.41636	0.2511658176034689	0.21098654575645923	-40.13848426818848	273015	546031
558024	15985	7351.7887642383575	45.33998888743022	44.615795164714775	1.990616170643318	48.08900602499513	42.68692336318128	40.06812	40.06142	0.2166223417967558	0.20570059604942798	-40.17087257385254	274012	548025
560012	16053	7378.674965620041	45.20959516023393	45.254070771086006	1.3391219754562251	48.17905354326372	43.68197687342246	40.042774	40.01145	0.24369287475943566	0.1973689118772745	-40.186600608825685	275006	550013
562000	16124	7404.828099727631	44.792116178943374	44.796948792081665	1.3983070208164454	47.410090974229135	41.91283573781874	40.15104	40.175297	0.25228911705315116	0.22627874843776227	-40.166940994262696	276000	552001
564028	16195	7432.43115901947	45.852044022551894	45.94920542856043	1.8324176406966637	48.13805171545985	42.694468787644176	39.922787	39.93075	0.21949219733476638	0.19793762236833573	-40.10971027374268	277014	554029
566018	16266	7458.541438102722	44.2985438672789	44.375808893212465	2.4000633702031924	47.73529376814621	40.495889411733266	40.320953	40.32528	0.21374804221093655	0.19104767255485058	-40.13247848510742	278009	556019
568015	16338	7485.0631980896	45.059039877280284	45.16810357552484	2.0452891548760546	47.5700223753841	41.44215436441727	40.1088	40.121803	0.21062314361333848	0.19780634477734566	-40.03517177581787	279008	558016
570007	16410	7510.148110151291	43.951255985717644	43.89003872104553	1.8050270076331596	46.82930745253976	40.516421292228216	39.999783	39.998344	0.21562786616384982	0.18682036563754081	-40.09334526062012	280004	560008
572004	16477	7536.560858488083	43.73744318544122	43.51477161597461	1.7217781305137652	46.29815732573751	40.875499545811174	40.122353	40.12253	0.21592218823730946	0.17620644696056842	-40.243886947631836	281002	562005
574016	16550	7562.550708293915	45.05150033979575	45.10084576727654	0.9202681649222322	46.303731217717754	43.69368435706709	40.25656	40.26093	0.2124693363159895	0.1835825101286173	-40.274285049438475	282008	564017
