steps	episodes	elapsed	mean	median	stdev	max	min	average_q1	average_q2	average_q_func1_loss	average_q_func2_loss	average_policy_loss	policy_n_updates	q_func_n_updates
2000	10	14.885009050369263	2.7488212363142788	7.021341232262902	20.538089421032403	24.21392495289729	-37.95298550869712	nan	nan	nan	nan	nan	0	0
4000	20	29.71731972694397	4.097288888983134	21.705022236445075	36.8890215276946	41.70113239964013	-62.77867033202964	nan	nan	nan	nan	nan	0	0
6000	30	42.184558391571045	23.97203234760766	28.332461598998172	12.465527374287513	34.418817943348834	0.6004048666605684	nan	nan	nan	nan	nan	0	0
8000	40	56.34232831001282	17.26311464072995	24.467124613036994	25.170246129384257	41.75969360791337	-41.69619290918204	nan	nan	nan	nan	nan	0	0
10000	50	69.78728222846985	13.303440512328537	20.876531623821286	26.321112793934677	38.38761545194207	-57.348776370901	-4.5210605	-4.452937	0.7906109690666199	1.159555435180664	nan	0	1
12183	65	104.11117339134216	6.335462370073105	12.349047708281912	18.75505671770917	28.22707700320258	-31.352265496430032	-1.4905351	-1.4995841	0.1745820302516222	0.1654942624643445	1.1553331539034843	1092	2184
14106	79	133.17602729797363	22.7097087148632	19.82188480154163	10.877937745295041	39.37323027784916	10.394464874096748	0.48979908	0.47272527	0.4010091282054782	0.37669736191630365	-0.9693924525380134	2053	4107
16162	95	163.83097457885742	6.887567839177841	11.82578866762482	28.385381794604687	41.910400029814966	-44.55404228010617	3.9023197	3.8625343	0.5650191362947226	0.6002371261268854	-2.445261669475585	3081	6163
18023	108	193.55805897712708	0.1780952240334301	1.1904277276028026	22.972662974718517	29.860640267173913	-34.80478663448879	4.855917	4.8541307	0.4096791723370552	0.408943876773119	-4.046944255353883	4012	8024
20069	123	225.44402503967285	9.885041127657674	14.842661876873812	28.79625813057102	39.676809161289945	-48.8350772524603	5.015999	4.996512	0.6115221544355154	0.6053682741522789	-4.7818913388252255	5035	10070
22061	138	257.5146622657776	-6.398207027273475	-7.769482805306623	29.682740664252332	31.333962823365507	-53.02548898922883	4.534547	4.5475483	0.8694235261529684	0.8350608499348163	-4.859705156087875	6031	12062
24094	152	290.22964692115784	-4.013717887557339	3.4836527822966126	36.50697096989517	36.92614375780061	-54.295931675577485	4.5119476	4.466663	0.7545218189805746	0.7529327950626612	-5.412614706158638	7047	14095
26088	165	323.841833114624	-14.103608678276052	-27.49612209034311	27.78109593650715	20.822601713202687	-48.971837806889845	4.3215914	4.324126	0.7329134611040353	0.7335154761373996	-4.867523355484009	8044	16089
28065	179	356.2367558479309	-4.583047467435821	-7.0972047825524935	32.506373161003026	39.00248498426933	-45.64204089569274	6.0656586	6.0874677	0.84886858984828	0.8839895541965962	-5.24075835287571	9033	18066
30182	194	390.1424412727356	2.812067675849636	7.622856521566252	22.698154296136618	29.969848756381676	-46.601338892453946	5.425682	5.456546	0.8131992776691913	0.8371925450861454	-6.154573028087616	10091	20183
32104	209	420.19196486473083	19.390423753884072	18.366530537710407	21.48457611197251	40.32475607339255	-27.468488644656382	5.7041273	5.6618934	0.714847209379077	0.6951005859673023	-5.662396748363972	11052	22105
34180	223	453.198956489563	3.2918953084334746	15.36117747138671	28.45018714851141	35.17925656875792	-61.93840549022408	6.465701	6.461567	0.8564931865036488	0.8634270442277193	-6.6390479159355165	12090	24181
36050	236	482.79008865356445	8.801602374739277	9.263604947708334	19.54276703955345	40.09061588264616	-33.156484212262775	5.9732285	5.9920387	0.7452681076526642	0.7355381557345391	-6.6800751209259035	13025	26051
38026	252	514.3678157329559	16.941219388115677	17.468865677418883	13.471915599478663	31.036580873066953	-10.174904515406475	5.844749	5.878785	1.075528756827116	1.0460155510902405	-6.665054986476898	14013	28027
40051	266	545.5796883106232	12.387459559892967	11.039819273554834	15.546966142819628	27.412629814822555	-23.111569456970233	5.5865145	5.5938654	0.7434997025877237	0.7305360377579927	-6.162256191968918	15026	30052
42105	281	576.8269970417023	14.453866554680873	23.793398648384596	31.63831869431512	42.05543729905104	-63.39224621553951	6.2823224	6.278966	1.2144349266588688	1.2802904003858566	-6.20910527229309	16053	32106
44156	296	607.8932070732117	24.714097353729855	29.13004466281283	14.25023757353497	45.09527548515426	-1.6033494716970438	4.89519	4.8870835	0.9310213752090931	0.9208770851790905	-6.1100782203674315	17078	34157
46081	311	637.3412311077118	18.68423934502314	19.92681040480138	10.430381905242673	34.173030401291804	-1.747765341166307	5.646598	5.718833	1.103632532209158	1.1427698412537575	-6.635362617969513	18041	36082
48060	326	668.2484641075134	8.923007547668902	13.55261751081903	19.85972262838061	40.56055253420432	-27.79484681761614	7.041171	7.0582166	1.0916500943899154	1.0779167963564396	-6.171440513134002	19030	38061
50019	342	697.6694972515106	21.973885639801747	26.493332705596845	13.090835911128602	42.41268533883893	3.966447843557397	5.2116385	5.223869	1.1290669848024846	1.1213564845919608	-6.189476050138474	20010	40020
52062	357	728.3411056995392	13.71650730556721	23.402714613687863	27.483655173202656	40.71304053676127	-56.0304983560726	5.086176	5.0832725	0.7553608767688275	0.7508223211765289	-5.784103401899338	21031	42063
54002	372	758.2322053909302	14.726369614642996	19.70435823649943	15.866898310793609	30.9369846426372	-14.770519494329452	6.165712	6.166208	1.2342459227144718	1.2441491264104843	-5.837838931083679	22001	44003
56078	389	791.2803866863251	12.4336113692688	18.38375424783095	21.66292079272462	39.207884158753856	-19.165779177405675	5.3742237	5.3293233	1.1479339317977428	1.1364053872227668	-5.697642028331757	23039	46079
58080	405	822.7703971862793	10.290006449684128	11.550651823512741	21.234041002996506	39.64571845716156	-33.37582687106001	5.3381524	5.321315	1.0576186908781529	1.0590940980613233	-5.9857439923286435	24040	48081
60153	420	855.9071660041809	-8.749900610346021	-7.34973293849179	35.17543462324352	38.20158790268229	-59.005759178575225	4.104065	4.1165576	1.202024380117655	1.2166039463877678	-5.622661399394274	25077	50154
62164	437	885.3570675849915	22.676021300871795	27.47582519648637	16.36264410232093	39.614439548197076	-10.004142742100854	6.3448105	6.321408	1.1829305982589722	1.180659007281065	-5.725240419842303	26082	52165
64103	452	914.1724836826324	25.25475169201414	26.911774609607015	15.267776648548612	41.69854393120342	1.682424256614965	5.899354	5.889546	1.0989467020332813	1.0669822147488595	-6.212843133807183	27052	54104
66111	470	945.4806220531464	11.477655470654355	14.962940770868723	22.443730601724443	44.447107494939715	-37.919512450030425	5.6738367	5.6957994	0.9813253130018711	1.0018682798743248	-6.064565830230713	28056	56112
68024	487	976.6477828025818	3.5526635706475487	3.4478097649582438	24.28265892745392	31.587721315990112	-43.72847972098209	6.374281	6.394193	1.1362669856846332	1.1092552517354488	-6.337157306671142	29012	58025
70035	502	1006.8973140716553	11.991245006703013	9.93233863843821	11.800670834928656	38.85981439107494	-1.100194278812019	6.7039075	6.710192	1.1376464387774468	1.107060526162386	-6.141107466220856	30018	60036
72041	516	1037.5994029045105	15.79732273572042	14.852928110291135	11.390840104154451	38.80239515538117	-4.191926937655012	5.915001	5.942241	0.8246683031320572	0.8403647564351558	-6.678432142138481	31021	62042
74019	533	1069.622193813324	0.30399172114233936	8.785076087302865	23.73636542002328	33.78682971852102	-41.48831928805287	5.2939224	5.2927837	0.9190439197421074	0.9046122212707997	-6.036832539439201	32010	64020
76041	549	1101.8194103240967	11.533659113308534	16.681032751652307	23.251746888158298	44.78116083949012	-28.486654038505787	6.5842004	6.5505323	1.1779334864020348	1.1555808255076407	-6.925140600204468	33021	66042
78071	568	1132.4811444282532	20.03258880292778	18.711302231788494	12.697315803851254	36.03176400956513	-1.8072893614089338	6.774151	6.745049	1.0658103492856026	1.0313039599359035	-6.6867312395572664	34036	68072
80054	583	1162.3234887123108	15.018075375037116	20.06476878687709	18.792046665313247	35.04574052960389	-28.934436120139125	6.283543	6.3289423	0.9891240720450878	0.9699597124755382	-6.545631822347641	35027	70055
82089	600	1193.1698415279388	7.499872235257003	8.871673938749886	19.84203856987498	32.915594579721855	-39.85931692893333	6.7371893	6.742299	1.0328976513445378	0.9885175554454326	-7.034817218631506	36045	72090
84039	615	1224.1238338947296	-3.586971316107104	8.838561677819815	24.09322189274654	33.85092440816136	-33.53269666613743	6.8034678	6.773858	1.0421511061489581	1.035828368663788	-7.167339727282524	37020	74040
86033	634	1255.050101518631	7.153092531052806	10.052334450772403	22.161156520045374	30.788013180265196	-39.756523163235954	7.1983123	7.1944914	0.777901766449213	0.7798994655907154	-7.369096893072128	38017	76034
88008	653	1284.7264573574066	15.495448511064964	12.05418916800091	15.026428938773073	36.556490756887754	-2.3601468972938804	5.9629	6.016812	0.8864946691691875	0.8946881812810897	-7.542960605621338	39004	78009
90108	672	1316.0945415496826	19.1445781867923	19.856047897371333	16.040479978976993	37.51430123632301	-17.192642326945702	8.510334	8.472901	0.9217332051694394	0.9545257057249547	-7.6847247838973995	40054	80109
92042	688	1345.272358417511	14.591124203961696	18.99673741753351	16.81652868377553	41.49087533804111	-5.308092204665783	7.1802726	7.2120376	0.7955238823592663	0.7544343033432961	-8.036429190635682	41021	82043
94034	706	1377.5371832847595	-6.241806034041546	-9.468336801477744	33.76316331777795	31.585427459831195	-47.40558028073215	7.816202	7.8089576	0.8372704634070396	0.8361581885814666	-7.8009774374961856	42017	84035
96114	723	1408.0699939727783	19.633578942928082	20.62826930966108	11.053647802284448	33.27346372671799	0.954126819297592	8.610769	8.531852	0.8321894820034504	0.8517044115066529	-7.859578330516815	43057	86115
98023	739	1438.1238338947296	7.480159083811511	21.070771999605192	33.52248983091677	37.52868432655421	-55.949671579550085	6.5381556	6.597154	0.780534086227417	0.7719785298407078	-8.288298094272614	44012	88024
100014	754	1469.2265901565552	14.79810382173497	10.82082095129483	14.495222989886022	36.31616770121765	-5.607966991562037	8.58587	8.591485	0.7609978207945823	0.7100271698832512	-8.32956200838089	45007	90015
102051	771	1500.1824431419373	11.97415948564382	17.358431089742915	18.529711694785284	30.055705972746296	-26.308698264682292	8.169358	8.169455	0.761323324739933	0.772343353331089	-8.496297137737274	46026	92052
104017	789	1530.5616965293884	10.49805438429553	11.239628678213979	24.935966752370845	44.94441731487572	-28.616223259129754	8.485343	8.469859	0.8640127082169056	0.8336907613277436	-8.137621908187866	47009	94018
106063	806	1560.8180146217346	14.454483638139044	15.098081929116887	11.2928592998935	28.220251143882223	-3.997148085199754	7.406643	7.398995	0.8275352470576763	0.8121906971931457	-8.561478765010834	48032	96064
108027	826	1591.2959756851196	7.359509088229397	7.601192528822057	15.43825231461032	27.049151724538294	-22.21863246478041	7.8164406	7.809225	0.8559538833796978	0.8868091893196106	-8.375852420330048	49014	98028
110021	842	1621.8630557060242	10.752564556700818	14.490204492379457	16.7247939467757	27.708426557797427	-24.117830112127717	9.195844	9.183299	0.7353100024163723	0.7012646190822125	-9.057680230140686	50011	100022
112075	859	1653.2838633060455	7.234293789108665	7.019619669236761	21.93867394411259	34.44419893879096	-28.06002544050479	8.930414	8.913165	0.8511599946022034	0.8465634500980377	-8.845048320293426	51038	102076
114071	877	1683.806815624237	9.521274071885303	12.187735967693833	21.095752825971175	35.51631703980534	-39.21222475575485	10.090413	10.047087	0.9118412604928017	0.9091622383892536	-8.864345929622651	52036	104072
116077	895	1714.2967908382416	11.197490349235656	13.038127086618989	15.803261614965173	27.993029711763974	-25.68990075496483	7.992933	7.963882	0.6973991648852825	0.7144527897238732	-8.96532586336136	53039	106078
118120	914	1744.7708191871643	15.755441519032425	12.884082646973116	13.64765551010615	43.18027957730012	-3.379574352019155	9.02258	9.013815	0.8029245321452617	0.8038591116666793	-9.125155222415923	54060	108121
120057	933	1774.0292675495148	19.31205151653911	20.56534912631672	15.090911006426479	42.87573785475366	-7.246989546979542	8.532217	8.579649	0.748619027286768	0.7887598083913326	-9.16579565525055	55029	110058
122058	948	1803.8809151649475	21.576501579617442	29.000316646724215	22.641800077337976	36.923406028027	-37.72219305226548	9.422723	9.44096	0.7029300592839718	0.6968022555112838	-9.447037725448608	56029	112059
124023	964	1834.0845258235931	12.238455108537726	14.43551744550785	23.260014218468264	39.0470836382105	-27.806720268072358	10.13302	10.129919	0.8627857464551926	0.8636456909775734	-9.232859740257263	57012	114024
126009	981	1864.966728925705	2.939431566113634	4.483931087915327	20.782380156045114	32.623385961478306	-32.226973444232506	8.782871	8.771214	0.76899876922369	0.7767566587030887	-9.507588443756104	58005	116010
128045	997	1895.3392179012299	19.31992463660464	23.52459753139005	14.857076866662867	35.38299484223306	-17.130183178022683	9.07966	9.044941	0.8007906630635262	0.757698536068201	-9.571445055007935	59023	118046
130110	1016	1926.1633813381195	23.67024611327922	25.051516643873796	11.221968914526595	39.769300143682756	-2.7431407014278335	9.235592	9.215871	0.7088429106771946	0.757565974444151	-9.628418722152709	60055	120111
132066	1033	1955.6472635269165	11.866832075980223	12.030036704347527	25.65819696828568	44.581595996587644	-49.421509474631904	9.6373825	9.627002	0.7415738171339035	0.7276543675363064	-9.881361408233643	61033	122067
134072	1051	1986.4436204433441	10.538561743802918	10.655470154136793	13.72310923237426	29.345146433156348	-12.998590900323975	10.359772	10.348452	0.7451743085682392	0.7426204231381416	-9.398544163703919	62036	124073
136031	1069	2017.0107245445251	8.848040860794512	19.371543082335435	26.80534043818179	34.53329950460828	-40.809571111412346	10.637639	10.628094	0.6979127967357636	0.7050262022018433	-9.915302591323853	63016	126032
138076	1088	2048.622263431549	11.899374754936604	12.659498840708142	15.86119880503593	39.64210305418116	-16.014423332878668	10.466953	10.459627	0.7245613358914852	0.6975563052296638	-9.86363482952118	64038	128077
140128	1104	2080.2496814727783	12.40117317286238	14.85053622360758	22.45796432425847	44.88166159413944	-23.632343643152673	10.489549	10.471668	0.6590425929427147	0.7014299669861793	-10.247023732662202	65064	130129
142050	1120	2110.762893676758	15.471094555631186	19.076377009381098	14.24976405867294	38.26052629197498	-16.210964687603	10.05183	10.031961	0.7781843268871307	0.7739840486645698	-9.539608387947082	66025	132051
144075	1137	2143.7708678245544	3.083525926548078	7.613227656669771	23.0811325481804	30.273297559232255	-48.236769462979325	10.947056	10.943061	0.7331876237690449	0.6733865639567376	-9.785448260307312	67038	134076
146047	1154	2175.226268053055	2.3751234126220675	13.207101296746778	26.26674087938985	26.348679661435572	-56.800648995324345	10.57867	10.582263	0.708509773015976	0.692688272446394	-10.317740421295166	68024	136048
148042	1172	2206.0167977809906	18.338551610989114	30.293290630277454	23.54596432403812	40.13542311394659	-24.535390971738035	10.299747	10.284628	0.6973677541315556	0.7582657380402088	-10.027767543792725	69021	138043
150061	1189	2235.470769405365	23.677055972220753	21.933393994461873	12.391158790156808	44.08498642099625	-0.3125681374229856	9.799286	9.798167	0.8326297160983086	0.8572695276141167	-10.243038485050201	70031	140062
152058	1205	2264.872356891632	21.049261619273	21.633684453235368	11.302648512702154	37.527057919841845	4.487254634516965	8.902141	8.930197	0.7280628022551536	0.749732516258955	-10.288847184181213	71029	142059
154060	1224	2293.945847272873	18.782816812074568	25.129882946235398	11.536728162623579	30.64820382110544	0.623754295058113	9.787613	9.792018	0.5703364558517933	0.5796636044979095	-10.068401064872742	72030	144061
156037	1241	2322.874709367752	19.19357930434025	21.67550032155797	13.49078219232419	33.63436530088411	-5.665235909996326	11.044523	11.078135	0.653523328602314	0.6483725354075431	-9.882921934127808	73019	146038
158048	1260	2350.588237762451	30.544088011047787	33.77530396089009	15.864448312292925	47.58858611018425	-1.5229423669817308	10.013357	10.027992	0.6374024836719037	0.6559564121067524	-10.199302344322204	74024	148049
160083	1278	2380.5587935447693	9.20296973368407	14.99175984656163	21.41377400075234	30.935440415171136	-33.71274898237055	9.804983	9.830552	0.8407204957306385	0.8181815840303898	-10.224448337554932	75042	150084
162035	1294	2409.945603132248	9.185918863274225	14.755597892417779	13.493691619576168	23.064662495670074	-14.642462407950227	10.790736	10.737556	0.6735057540237903	0.6622028867900371	-10.420445766448974	76018	152036
164076	1311	2439.469363927841	13.867197385454562	13.172870341251418	8.750787381781944	31.09377562718334	0.15666304031550027	10.381381	10.394599	0.6801308763027191	0.674521873742342	-10.403399772644043	77038	154077
166087	1331	2469.2995948791504	8.310377289495577	13.761713496246816	24.69084377050708	35.663119668276316	-53.061504541949986	9.854834	9.867088	0.6551422895491124	0.6922590272128581	-10.569071521759033	78044	156088
168017	1348	2498.189868450165	13.001797092832518	16.098075741616654	13.61195305189509	29.223112424044157	-9.85343530172473	10.440303	10.431464	0.6052257038652897	0.6190998259186745	-10.534664163589477	79009	158018
170043	1367	2528.2238309383392	15.729165932979782	17.388396810958497	21.361121241796262	39.599222261965615	-25.92800819264174	9.565121	9.612957	0.6397010305523873	0.6684471905231476	-10.56498607158661	80022	160044
172089	1384	2558.0970237255096	17.74937341242987	21.56799001340938	20.643491312896458	35.26277065147272	-37.61724524573061	10.871781	10.840768	0.7953607103228569	0.8053200019896031	-10.80579276561737	81045	162090
174014	1403	2586.148542881012	20.567645913822645	18.093394499050554	10.582025401009876	37.95884044955628	6.347766600632873	10.377777	10.3469305	0.6074106721580028	0.570906640291214	-11.040212388038634	82007	164015
176121	1421	2616.4671227931976	14.243996891838897	11.990675792873649	11.397347049921862	31.14687611156127	-5.759394935928654	9.653914	9.650575	0.8273660036921501	0.8115596552193165	-10.496312298774718	83061	166122
178100	1439	2645.9047195911407	15.742789643483833	14.713785928525706	12.58311884787746	37.031377816108936	-6.568853861337466	10.803992	10.810062	0.8372040395438671	0.7968787498772144	-10.87815327167511	84050	168101
180111	1455	2674.720502138138	22.378452312751346	23.571032723295257	7.204938641460545	34.29429624504422	11.29319150134451	10.089935	10.119554	0.740503391623497	0.7366239073872566	-10.65022675037384	85056	170112
182043	1471	2703.845908164978	15.639389526450683	14.675374539831349	11.955337632320903	36.32755905318309	-4.648333675398938	10.934401	10.930203	0.7949800731241703	0.7650506511330605	-10.636700625419616	86022	172044
184024	1489	2733.851395845413	8.918843297528547	8.907704991842767	23.18770121341858	48.18950637746216	-21.725076945068974	9.820789	9.855166	0.6365633273124695	0.6480363620817662	-10.83216869354248	87012	174025
186053	1507	2762.745908975601	18.92803718665964	17.16938823504405	14.808099969380411	43.10742863083915	0.37784017780803225	11.200483	11.19547	0.6741586922109127	0.6803122060000897	-10.952235507965089	88027	176054
188060	1524	2794.0774071216583	8.26826829788417	9.360627670922419	13.93562428055116	27.269143987081403	-19.581396792853923	10.966659	10.986903	0.6495152920484543	0.6860448411107063	-10.927081356048584	89030	178061
190068	1543	2824.565750360489	12.20862771542552	17.80983329919814	24.844640554639614	34.55163450722526	-40.72083197512677	10.133223	10.145667	0.49707351967692376	0.5291333535313606	-11.25257447719574	90034	180069
192027	1559	2853.147513628006	18.016385962156892	17.991315259945083	7.05882590482694	29.882068635010988	9.196307189286152	12.249294	12.244117	0.6662055393308401	0.6709789519011974	-11.141048216819764	91014	182028
194133	1577	2882.891119480133	12.516015613849925	15.084282192445773	19.53766730004278	42.1317560256735	-36.085710416444385	11.57294	11.565488	0.7010295207798481	0.6858536849915982	-11.363729090690613	92067	184134
196011	1594	2909.5526733398438	27.4217541507162	34.13511934648713	14.778396237332501	40.205290270770426	0.9772642829098004	10.694004	10.683683	0.733817339092493	0.7569636258482934	-11.43979495048523	93006	186012
198074	1613	2940.0923647880554	17.41280566183385	18.104407407395236	22.290792552412142	42.11415648102543	-36.34742633273926	11.2482395	11.252565	0.5859822572767734	0.5822365991771221	-11.447832665443421	94037	188075
200105	1630	2969.3256816864014	20.309025286647998	20.76492653425249	12.211191439527669	38.91990041533549	-5.598333442301133	11.459911	11.458591	0.7231236442923545	0.7077749021351337	-11.229139714241027	95053	190106
202077	1648	2998.2049255371094	13.78191223200284	14.903099894003223	15.31222478891715	34.86535500463284	-19.655707038040266	10.967906	10.969801	0.6776529365777969	0.6734848976135254	-11.316128997802734	96039	192078
204023	1663	3026.6530497074127	17.269199667047026	12.141609149103473	14.249483760696396	41.51190798859973	-0.6211333744379814	11.195145	11.199744	0.5722399197518826	0.5935809318721295	-11.33928388595581	97012	194024
206063	1683	3055.887087583542	20.882812493444344	24.055142118486373	14.65976820333644	36.83190154533193	-9.901237918062947	12.462486	12.477975	0.5512359745800495	0.5616525359451771	-11.39460657119751	98032	196064
208053	1698	3083.918325662613	22.148044528999357	25.97263381365149	21.984963155650654	41.74689944949667	-30.68300109399833	11.349502	11.333062	0.6856119856238365	0.706602883040905	-11.163389172554016	99027	198054
210097	1714	3114.031791448593	13.403016852247154	16.3676501451186	13.591999892521937	34.822178880350286	-14.569213917589877	11.053264	11.0551405	0.7081118710339069	0.7445178969204426	-11.725618586540222	100049	200098
212033	1728	3143.9774692058563	0.8427815148741875	14.025488469139571	36.303177044655335	40.1527296563777	-64.15939848426939	11.544748	11.558966	0.6472293753921986	0.6415983994305133	-11.36319631099701	101017	202034
214031	1745	3172.997221469879	20.019369437541002	22.32056911546645	8.372030382957982	30.190099648539846	5.46466625085462	11.417093	11.411112	0.8299734123051167	0.7667487688362599	-11.454398260116577	102016	204032
216083	1764	3202.369402885437	23.04936299461454	26.059178964280065	11.421547355861234	34.99420272248436	-0.5102440770646908	11.8852	11.890635	0.6971994668245316	0.6843866930902004	-11.925720915794372	103042	206084
218021	1781	3231.106158733368	15.776905475725602	18.49628689712245	15.881003867715062	35.75510298746609	-13.63899774028148	11.507783	11.503351	0.5545362596213818	0.5504007650911809	-11.47818217754364	104011	208022
220051	1798	3259.621656179428	26.392351487468737	28.71741302521168	11.810162565501638	38.68207526521317	-0.5312490778708536	10.388982	10.416877	0.797027088701725	0.7727711756527423	-11.518494725227356	105026	210052
222119	1817	3289.277769804001	19.11408722407319	21.99791817014276	10.934643810185124	31.866185911642347	-5.340298482480513	12.492939	12.475357	0.7600258010625839	0.7793670874834061	-11.494779472351075	106060	212120
224113	1833	3318.8316860198975	3.052922367113584	4.185533198977222	23.458549905282467	35.067532486908426	-36.98792647447684	10.410674	10.4141655	0.6645068943500518	0.6456326077878475	-11.272958707809448	107057	214114
226097	1852	3347.751763820648	14.907570354652096	12.90698429261688	11.416392546045035	32.17052875566103	-0.6291805683129539	11.802974	11.818846	0.6921213710308075	0.7312731659412384	-11.591031064987183	108049	216098
228130	1869	3378.6214950084686	0.011175295924868678	6.185667144182588	24.110207430405122	28.52453019069078	-46.31314505830854	12.522471	12.509904	0.707384772747755	0.7051497372984886	-11.39369954586029	109065	218131
230062	1885	3407.8924429416656	6.258540494243189	14.935231079130997	24.730604801068168	33.04810922768186	-31.88091616373135	10.4792595	10.533354	0.6827256560325623	0.665056137740612	-11.471231980323791	110031	220063
232065	1902	3436.4945425987244	19.668967035371445	20.748172962081167	11.818408318279618	37.31169726255231	-1.7126041676797925	12.200596	12.154647	0.7770560306310653	0.7390053321421146	-11.943191366195679	111033	222066
234164	1921	3466.493409872055	21.420412998760906	25.186508772389516	15.098800464540018	38.23454838481397	-4.365689354736887	10.6139	10.628742	0.6844474083185196	0.695030422359705	-11.66655047416687	112082	224165
236062	1937	3493.9654614925385	20.603367568288032	25.21085314838988	14.902247718818838	35.879574833871416	-12.058552618416627	11.584852	11.618031	0.7089970760047436	0.7232511261105538	-11.451704893112183	113031	226063
238048	1954	3523.8339064121246	3.6050394295118626	13.434288370140763	24.64362618707236	22.796150293414968	-54.886592639309605	13.106244	13.106109	0.6457112380862235	0.6658805121481418	-11.884698987007141	114024	228049
240102	1974	3553.4800655841827	16.22649338339277	23.352686866896224	19.19004306588225	36.21004303332917	-13.317341073234472	10.774324	10.802767	0.5882136264443397	0.5766040569543839	-11.68857759475708	115051	230103
242032	1991	3582.4766528606415	6.474751951422941	3.1890660845419703	18.810600461197875	35.645023466414806	-25.81400896801601	12.276453	12.312137	0.6249695380032062	0.6369622619450093	-11.554718375205994	116016	232033
244033	2011	3611.376792907715	21.79191994950451	22.752206194952766	11.507866431116998	37.6310120337798	-0.35386087937682476	11.42415	11.444568	0.6190385223925113	0.6408890910446644	-11.872465591430664	117017	234034
246066	2033	3640.553153514862	12.96017202142223	9.087348296356918	17.335806304652678	35.26761791494181	-19.835318220655576	12.673308	12.650076	0.7303742277622223	0.6729992572963238	-11.90580439567566	118033	236067
248041	2049	3668.5689322948456	16.441518660578147	15.197980514865236	19.226056901944677	46.76841851968521	-14.606337586762992	11.624767	11.622369	0.7022760911285877	0.7032203258574009	-11.969760241508483	119021	238042
250048	2070	3697.7782065868378	23.172600086593732	23.451430511484524	8.802141223281916	43.910776344817016	10.650470042548065	12.373237	12.410304	0.6456662172079086	0.6611515532433987	-11.964253606796264	120024	240049
252026	2087	3727.175152540207	17.441791212176582	15.992578991860285	15.708457155869079	42.04591979906542	-2.9268576014116903	11.25757	11.251537	0.5018876426666975	0.5347304405272006	-12.306402654647828	121013	242027
254086	2104	3756.9315071105957	14.3864159015985	14.783042911527367	14.352580386114093	40.23805762312936	-7.53091491762261	12.664664	12.6285095	0.5043082213401795	0.49476063072681425	-12.06308093070984	122043	244087
256059	2121	3785.1446747779846	12.581490042802153	15.373630412994054	18.311055923735385	32.48545133389595	-28.902136856097492	11.58601	11.597832	0.66015973970294	0.6970825037360191	-11.765201139450074	123030	246060
258142	2139	3814.5990872383118	24.455124572584133	27.90941375113256	11.609231302955436	37.962315128688125	6.716804802536807	10.815031	10.835104	0.5293099230527878	0.49260800048708914	-12.020827288627624	124071	248143
260070	2157	3843.486988067627	17.8124511295921	17.469474012021482	11.993181410905587	39.21230435191849	-0.2532754849747505	11.439509	11.417261	0.6338579575717449	0.6581744080781937	-12.293145723342896	125035	250071
262099	2174	3873.35835146904	14.88988721038077	10.115766832645718	12.933364308362238	41.57370842587656	2.834084255038526	12.009812	12.003342	0.6078377695381642	0.6393728367984295	-12.00711446762085	126050	252100
264076	2192	3902.1949536800385	16.42722693738563	23.355290397643635	14.909797833207886	37.51830281317604	-5.7262236082551325	11.994351	11.995171	0.7308336666226387	0.7274786081910133	-12.345492720603943	127038	254077
266051	2209	3932.9808735847473	2.3861186641213674	16.918586571409655	37.22204040540605	41.642488704192616	-52.1182653592834	11.200244	11.162154	0.6899665732681751	0.7016875950992107	-11.5378076171875	128026	256052
268078	2229	3962.7544288635254	16.735953010097916	21.916204583122592	19.876193467473396	41.383285043796214	-20.88356817756883	12.304826	12.276546	0.683902555257082	0.6793316343426704	-12.209994449615479	129039	258079
270000	2247	3991.2686116695404	19.31335029639621	21.449154785841152	13.240548554854993	37.13563130297885	-7.5599134154969505	12.506293	12.50399	0.6240969723463059	0.6491217213869095	-12.326278800964355	130000	260001
272045	2265	4021.819547891617	13.156814201033278	14.685423663139968	17.949389986206857	39.08750421101545	-18.914419771619187	10.490874	10.466587	0.6552749963104725	0.6385062311589718	-12.155363006591797	131023	262046
274077	2283	4051.2530357837677	22.979590132313206	27.057417607860998	13.251377602798962	35.083216441066895	-8.166584455789902	11.243324	11.218025	0.7443457062542439	0.7419528845697642	-12.193135089874268	132039	264078
276039	2300	4080.6039617061615	8.511981698893695	5.690259095193021	18.33586049207334	33.16074604949178	-22.84758916019503	13.04572	13.06097	0.5551574309170246	0.5557614667713642	-12.222362837791444	133020	266040
278051	2319	4109.61522269249	13.826733423937497	11.374939167618141	8.980279027204936	27.232321902614125	4.491026900333225	12.2869835	12.292139	0.7475317430496216	0.7455092950165272	-12.245849723815917	134026	268052
280021	2335	4138.459471940994	22.59000388129724	24.082272729737312	8.566221042353845	32.344520143550604	2.0923957300753457	13.688747	13.682453	0.8605691699683666	0.8525564380735159	-12.230384893417359	135011	270022
282026	2352	4167.555994987488	14.566691115387123	17.993490811730094	23.15308733313362	36.40961428842664	-39.44442244226981	12.163051	12.184268	0.6793950910866261	0.7249762088060379	-11.643261156082154	136013	272027
284074	2371	4197.3817393779755	8.538188659331729	11.119282921589964	19.258349408449934	29.29891834406687	-36.73289602748888	12.619035	12.641269	0.6602012886106968	0.6551538302004337	-12.057342762947082	137037	274075
286083	2389	4227.541610717773	7.215432057582306	14.285881861178574	27.994059634198916	38.88361052365168	-44.68631072171942	11.080216	11.096413	0.5295882082730532	0.5152663581073285	-12.49740448474884	138042	276084
288007	2404	4256.717266798019	8.581294731854122	6.326564524484411	18.81669082149796	32.924788201050525	-19.86491129585559	12.236992	12.2454195	0.7385059894621372	0.733224022090435	-11.965353264808655	139004	278008
290024	2423	4285.931788921356	10.050415885469143	5.385434388041933	20.279039456375912	36.93248533224466	-17.105094999623244	12.894246	12.913457	0.8248249100148678	0.7709927260130643	-12.230047640800477	140012	280025
292069	2442	4314.928737640381	19.868063108428277	18.794422726321372	14.979414160051496	48.92534517427204	0.9975342274219514	12.378549	12.349867	0.5899279816448688	0.5805134823918343	-12.275176286697388	141035	282070
294074	2459	4343.840599060059	27.038623142228676	30.261884976059708	13.71963582028599	42.355238257203226	-2.354628474001011	11.974104	11.971209	0.6585954773426056	0.6499259635806084	-12.674404830932618	142037	284075
296085	2479	4372.877517938614	20.05761873811691	22.985955702912612	14.680315782573238	40.67592883175592	-3.3564963167083306	12.395402	12.369448	0.6642186711728573	0.665725222826004	-12.205857491493225	143043	286086
298057	2496	4401.573376893997	15.334827229264215	17.015963804090298	13.105233033979161	32.309354809428115	-7.356940385815179	12.8403225	12.837249	0.6726808743178845	0.6611838333308697	-12.150445518493653	144029	288058
300041	2512	4430.854922056198	13.644986878017477	16.230637025595886	19.068199556838106	44.03747116574631	-24.72532923247046	11.610887	11.587831	0.6730615454912185	0.7127902671694756	-12.269248223304748	145021	290042
302033	2528	4459.8827295303345	24.610929629392736	25.108524527645766	8.708856145779471	43.728365869371245	13.603485784717144	13.346514	13.311637	0.6203236542642117	0.6054466199874878	-12.501371130943298	146017	292034
304038	2546	4488.940361499786	18.11448310185973	22.49961467576933	15.471170334498948	34.073040465392374	-10.865351904133249	12.529279	12.496536	0.587252953350544	0.5998724053800106	-12.09942967891693	147019	294039
306111	2567	4518.026036739349	25.699229908633086	22.1403168183244	13.912387067083703	48.51378879568139	11.637851507496954	12.37058	12.358949	0.5647639155387878	0.5414215563237668	-12.493641834259034	148056	296112
308034	2583	4546.781160354614	12.010399882547684	9.907952613813169	11.980267400979374	41.8285260927164	-1.5362202084921392	12.941695	12.956681	0.5312396329641342	0.4870966438949108	-12.468553733825683	149017	298035
310073	2602	4575.985999584198	23.90535038395474	22.279349079044337	11.806231489210596	42.56702982933199	1.457683030761359	13.038256	13.053883	0.5325451228022575	0.5227807073295117	-12.638479342460633	150037	300074
312034	2619	4605.281009435654	5.909065891801127	18.796929304027802	30.66067225401004	39.66076882560001	-43.05058362902255	11.6826315	11.696806	0.5204483684897423	0.5082701224088669	-12.274913959503174	151017	302035
314026	2639	4634.949273586273	11.940143673418664	10.118662611472644	16.982572223033095	32.77918042145127	-19.44139641042499	13.045513	13.010452	0.46245498113334177	0.5006919281184673	-12.742711911201477	152013	304027
316038	2656	4663.789725065231	19.763780328934253	23.310101959057853	15.976860653712029	39.36716796608528	-14.17845859223172	12.142578	12.163749	0.5198293586075305	0.5593225082755089	-12.219277086257934	153019	306039
318060	2675	4692.823741436005	18.67024475918956	16.787549039016927	17.835644427878673	45.433213256212134	-4.70155661865892	12.19051	12.194552	0.6020287235081195	0.5976534064859151	-12.527031316757203	154030	308061
320043	2695	4722.0818202495575	19.42706123085346	18.698425756644824	7.093249300747058	31.64041342156863	7.231358904893398	12.772608	12.7445345	0.5257631585001945	0.512529000043869	-12.665174865722657	155022	310044
322070	2713	4750.869450330734	20.049931743319572	22.443774284344645	14.382520123552782	34.681975202359666	-13.810315977176849	13.076906	13.056087	0.5568010871112347	0.5576342806220055	-12.751771097183228	156035	312071
324049	2731	4780.334300518036	10.855488237333352	13.37159790136064	15.73219978098708	27.06284647245429	-24.767563390239836	12.002134	12.007104	0.5077793698012829	0.539861705750227	-12.835152678489685	157025	314050
326036	2750	4809.950529098511	10.676210937426932	14.913053860633052	28.593292923260485	43.652544390890206	-56.23517810393836	12.941829	13.003964	0.7440731757879258	0.7329364760220051	-12.865529088973998	158018	316037
328043	2768	4839.359537363052	21.97373723493402	17.675209252993028	10.34327518194264	39.957657532233114	8.44270947735312	12.109699	12.125234	0.46877987682819366	0.5046244104206562	-12.492040047645569	159022	318044
330087	2787	4869.1194887161255	18.703190049213344	20.520712954197847	8.638847597560007	32.017480796684595	0.9723273946534903	13.925204	13.941789	0.5675969934463501	0.5199849146604538	-12.905707521438599	160044	320088
332107	2801	4900.362790822983	5.09612000566981	11.880484984125836	18.001576048397137	23.99004861553869	-18.72650330384835	12.257284	12.2507305	0.5731311762332916	0.5851001255214214	-12.356617798805237	161054	322108
334019	2817	4928.22397685051	16.204777303501743	15.989787582645324	14.779209589941718	45.59204816447605	-3.0144672608981793	12.844891	12.837598	0.6043670997023582	0.6223483841121197	-12.811383533477784	162010	324020
336148	2836	4959.035391807556	10.989784678804968	28.10448338464031	34.53359601184468	38.16149172846518	-51.96769916989065	11.276055	11.270445	0.4830300503224134	0.48008036956191064	-12.569214210510253	163074	326149
338041	2853	4987.64653635025	11.523301784418653	14.449469455854668	14.255617356919453	32.97577701700437	-18.156808002872708	13.898971	13.851689	0.4866719545423985	0.5161291018128396	-12.958460550308228	164021	328042
340048	2871	5017.710294008255	15.369004754030493	17.797578754268805	13.213760276462576	29.311442672813868	-6.015488692530759	12.960666	12.981004	0.46808952003717424	0.5056175938248635	-12.768513116836548	165024	330049
342021	2888	5046.500271558762	11.657306667758789	18.830119676305635	23.215117643437214	37.00741556516723	-25.841507611737736	13.147008	13.1684065	0.5073396721482277	0.5322027714550495	-12.783883800506592	166011	332022
344027	2906	5076.00830578804	13.616576098406941	15.731766569520008	14.3405429006293	31.74122731055493	-13.876239786833949	12.26486	12.264581	0.6023992738127708	0.5885741001367569	-12.996167821884155	167014	334028
346059	2924	5105.8901998996735	13.999401468207527	13.232397382196584	12.916289004786654	38.979085275117	-5.881418203172785	12.1688	12.209281	0.48769102409482	0.4596466021984816	-12.707500920295715	168030	336060
348024	2944	5135.149111032486	16.524349752996294	22.307287244289668	12.732493444731078	30.680956209819136	-3.730072125661799	12.087318	12.122242	0.4911097382009029	0.49751808531582353	-12.901472053527833	169012	338025
350132	2962	5165.7961411476135	12.81933920407904	16.339670185648835	12.518352533740684	30.342385248723065	-15.416416566720605	13.034502	12.99825	0.5352738878130913	0.5600716631114483	-12.958115844726562	170066	340133
352100	2979	5194.709282159805	21.121708995602784	22.915690000846368	9.787368302229673	34.3144216177989	-1.0473076717267205	11.992053	11.973619	0.7066460025310516	0.6476227678358555	-13.028041591644287	171050	342101
354057	2999	5223.3208746910095	13.918497105761448	9.808427938612354	18.94158451144873	45.66084953248279	-14.027033913464479	13.43794	13.392906	0.5216229859739542	0.5389613425731659	-13.220640316009522	172029	344058
356017	3015	5252.092528104782	14.432752790132687	13.656101657011297	13.428583851775862	33.603332542343466	-6.159106232388893	12.5936	12.614787	0.5949131437391043	0.5883072057366371	-12.787981481552125	173009	346018
358044	3032	5280.603463888168	18.494534431427223	18.36438799782362	13.00008005432699	37.79148493019294	-1.6002277341980786	13.06323	13.078857	0.5218071423470974	0.5332243114709854	-12.759239730834961	174022	348045
360008	3051	5308.020609140396	24.349413893562566	24.168642206606485	10.933888184953634	42.37907952325492	1.081063416217937	11.899321	11.920485	0.5669829323887825	0.5349972033500672	-12.746845760345458	175004	350009
362064	3070	5339.393299341202	13.985698090126997	18.77578078324413	17.154887744163485	38.402860504505426	-17.278698512983535	11.398714	11.42325	0.6223652801662684	0.5945690789818764	-12.842082300186156	176032	352065
364151	3089	5369.199704647064	20.81860334357676	21.12628596873384	11.162937004832578	38.96349504317739	2.3581886166695867	11.45224	11.445529	0.48752858214080336	0.5403250578045845	-13.020414915084839	177076	354152
366026	3106	5397.08158826828	16.01410785217815	18.255796438493782	10.174964349230248	29.65776621526471	-2.089458327476862	12.290798	12.310516	0.4496430224180222	0.4445068173110485	-12.716581754684448	178013	356027
368100	3125	5427.844921112061	10.252335532484496	18.974571523477508	24.570981189123035	36.80751582429836	-39.35131297649339	11.736305	11.729898	0.5887205035984516	0.5895120178163051	-13.083486642837524	179050	358101
370120	3147	5457.561482906342	15.493020648717275	18.107755134483302	23.014671279992083	44.07074103584473	-35.30487160706894	13.270949	13.287348	0.6615630050748587	0.6405065391957759	-12.746493229866028	180060	360121
372080	3163	5486.366347312927	13.831397840131249	13.126062597957958	17.212678812138815	36.875889370893205	-12.444666836743806	13.162167	13.160211	0.5270084729790687	0.5996688583493233	-12.694239082336425	181040	362081
374031	3180	5514.891641139984	20.537167714396922	28.544576580513624	19.13869214536065	39.3081466858618	-20.591145029630997	11.627219	11.633016	0.4891566415131092	0.4682472820580006	-12.976727576255799	182016	364032
376118	3201	5545.243688583374	17.540401772461994	16.666104769605354	8.675891819593412	28.598990833130326	2.1798892096453244	13.362139	13.379205	0.5524084331095218	0.5580358411371708	-12.840460042953492	183059	366119
378078	3219	5574.272700309753	11.28254551493673	12.73923450384829	18.281611586250236	38.80925719117098	-23.130504436423962	12.614212	12.628101	0.5726967301964759	0.5492103041708469	-12.55063847541809	184039	368079
380088	3238	5602.205683231354	25.41893888995327	27.581492108046845	7.4966938429988685	35.99181356497987	13.150657560159864	12.249635	12.2685995	0.4688684161007404	0.5009220775961876	-13.055296258926392	185044	370089
382082	3258	5630.949316740036	16.560992466166674	19.805974316536968	10.514474727805487	29.953802248467323	-2.084298197885005	12.631112	12.624368	0.5168492029607296	0.4616359266638756	-13.374158267974854	186041	372083
384064	3276	5659.407511949539	21.319991911486085	19.25625256053452	13.78036857772325	39.903836908141244	3.5622290254105877	13.265859	13.283105	0.6047853788733483	0.5835084529221057	-12.869976897239685	187032	374065
386105	3293	5689.0292201042175	24.13657655796477	26.116797561783315	12.083414978186719	41.90075805064687	4.443520625949631	12.783965	12.832262	0.6053855719417334	0.6162868870794773	-12.689004631042481	188053	376106
388071	3314	5717.994876861572	14.178660860310684	14.424250380227015	12.238647475873087	30.53716531194113	-3.1386411819884827	12.603923	12.585666	0.4565072250366211	0.4962135192751884	-13.61050498008728	189036	378072
390073	3332	5749.505222082138	-3.4588672479433193	-4.189789417876744	28.648940948218502	36.19786237420809	-35.58952468368757	13.895601	13.893821	0.4431642813235521	0.44404681205749513	-13.599961223602294	190037	380074
392018	3351	5778.589609384537	17.052867593193564	21.88536193049156	17.42592479288177	36.04072279681847	-20.28994890235267	14.273537	14.285435	0.5842294237017631	0.591815211623907	-13.240848693847656	191009	382019
394103	3368	5810.009720087051	11.7275011899671	16.805235846367573	18.700663234331632	28.312686457692	-33.8317154708744	12.483268	12.488824	0.5817292986810207	0.5637531644105911	-12.995614428520202	192052	384104
396042	3387	5838.475029706955	20.27183021950285	21.529609349023314	10.682413878624097	39.16210801140469	4.028103820411928	12.853232	12.857146	0.5182722444832325	0.551972724199295	-13.21480875492096	193021	386043
398079	3407	5868.168583869934	14.124213578352883	18.23935609798614	17.05685130874864	40.13271773994069	-14.876665269039506	14.195842	14.20335	0.5477862671017647	0.4966587010025978	-13.23440393447876	194040	388080
400097	3424	5897.40344452858	15.032937854417128	13.897483109557857	11.3934287836468	31.784433331811105	-0.5555756594052355	13.071099	13.061828	0.44042111687362195	0.43471730560064314	-13.044171991348266	195049	390098
402122	3440	5927.548996210098	9.987086409556557	17.80920593788961	28.725219894498622	35.354445429905276	-58.60969132294774	13.472455	13.42951	0.648019073009491	0.6387938766181469	-13.218088283538819	196061	392123
404083	3459	5957.063106536865	9.049269722183098	8.872441032567366	15.355503266229073	30.77522011753224	-16.127053037508404	12.226707	12.223862	0.4238975502550602	0.44105850867927077	-13.216431612968444	197042	394084
406051	3477	5985.404615879059	17.920544657189463	21.764626975242606	14.495968232130748	38.66084707907673	-8.918791263852377	13.522347	13.515754	0.48435050293803217	0.48578574538230895	-13.280154857635498	198026	396052
408119	3496	6013.819238901138	27.15706511226196	25.243898899284293	13.887815202641207	48.08160963581783	2.9749098930992233	12.69198	12.704705	0.5335339146852494	0.5379028958082199	-13.149163789749146	199060	398120
410001	3513	6040.848208189011	19.490203625878458	19.285049283755768	15.283500814645512	46.89969236292755	-6.842159266846387	12.734584	12.684086	0.4871138625591993	0.5458638180792331	-13.193329148292541	200001	400002
412057	3530	6070.0502943992615	24.612634387987402	26.20744013222923	15.789040454951088	46.680308788282424	-1.0022102841387337	12.905979	12.907619	0.46176959574222565	0.4854674723744392	-12.99716516494751	201029	402058
414106	3550	6099.091574668884	21.46586770602142	27.368241045420675	15.066011266826685	42.264326126073	-1.092355200037673	13.263655	13.24719	0.5002065511792898	0.5076224355399609	-13.465717368125915	202053	404107
416053	3568	6127.579958677292	15.894844650587046	18.35794512739271	13.51388124767388	37.81354001322654	-9.90044259754142	13.359938	13.34846	0.4547629553079605	0.4431816439330578	-13.37206142425537	203027	406054
418004	3587	6157.555354833603	5.334831303562318	5.131279279691061	24.50957123860582	36.231037312019446	-28.01121193801344	12.85228	12.847383	0.4807510945945978	0.44201009169220923	-13.42234088420868	204002	408005
420016	3605	6187.008831977844	13.38932199468313	17.447270874415693	15.724012799852096	29.693714514338165	-19.435744185939015	13.466935	13.448268	0.46481233842670916	0.469225782752037	-13.691673183441162	205008	410017
422061	3626	6217.811583042145	10.47934027319731	18.107596291371703	26.230463213995165	33.560899734458964	-53.826371305863546	13.4424305	13.400164	0.5376749801635742	0.5625116641819478	-13.544144582748412	206031	412062
424057	3644	6246.842036962509	18.55833096399495	20.856631147789013	11.877698451054366	32.58356676398681	-0.09061531368649156	13.352588	13.367695	0.5205600665509701	0.630858848541975	-13.684949207305909	207029	414058
426025	3662	6275.077095746994	21.294606056283783	24.482774884370652	14.169793052819196	38.926784490313395	-2.81063820246645	12.932459	12.931684	0.46859608560800553	0.4564712627232075	-13.12070728302002	208013	416026
428066	3680	6305.2636885643005	11.777611093448506	7.39122615755841	19.442107323049033	39.68611451129755	-15.784105109498812	13.067452	13.061296	0.5639101973176003	0.5930648297071457	-13.612494735717773	209033	418067
430077	3698	6334.798568487167	15.400877967720849	16.20917812809998	11.093254496455028	31.686111945762057	-0.2776682747814405	13.338658	13.326297	0.5116474283486605	0.519453508257866	-13.47039264678955	210039	420078
432077	3715	6363.538319826126	23.112049842646215	26.432285467192195	15.394286991639715	41.83983544107076	-14.350301841573469	13.569232	13.560148	0.5670419873297214	0.5201446489989757	-13.255857605934143	211039	422078
434112	3734	6393.906677722931	10.403409323099348	14.365001971600265	17.259580570216585	31.625103166544374	-30.332449579087278	13.426324	13.448126	0.5793059484660625	0.5725611726939678	-13.59820797920227	212056	424113
436045	3752	6423.283207416534	7.203373839971434	14.867075433474552	24.718540583158426	30.268200586988424	-51.59573288724301	13.110305	13.089683	0.5233344249427319	0.5748593951761722	-13.448166427612305	213023	426046
438092	3769	6452.605096578598	19.384942171538327	21.791486097943558	11.04220772153575	35.011406843120824	-0.9092640097630209	13.656281	13.652348	0.5319864787906409	0.473832653015852	-13.460367774963379	214046	428093
440054	3788	6481.424259185791	16.63459637984206	18.000619549984805	16.97212453518973	33.78327166905473	-23.74282169079741	13.124895	13.142928	0.5040554194152356	0.5253717409074307	-13.51489722251892	215027	430055
442024	3805	6509.989263296127	20.814433576055503	21.464263871893174	8.837044285170894	37.05196936023916	7.012135269114211	12.524461	12.530213	0.46012914657592774	0.4825317691266537	-13.675998935699463	216012	432025
444102	3825	6540.918947458267	12.384629911247172	16.36380495397678	15.13805394018938	30.664055569013644	-12.983483045657316	12.881883	12.86999	0.3909549140930176	0.41068683587014676	-13.170198183059693	217051	434103
446169	3845	6570.475900650024	25.313525272412186	23.780408234322596	11.33065058515285	47.46946847880765	6.557118222528672	13.815758	13.833686	0.457777199447155	0.4647636967897415	-13.598191661834717	218085	436170
448076	3866	6597.917625427246	15.612637240476985	18.366519000278537	19.840399912792844	35.2768451856745	-34.07519712200773	13.201002	13.202787	0.4218190935254097	0.4337347799539566	-13.540575494766236	219038	438077
450041	3883	6626.468035459518	11.911234730361338	11.988246878102572	21.844977982292196	33.9185620391483	-40.264663567146826	14.473365	14.45668	0.5669832138717175	0.5278677786886692	-13.45108630657196	220021	440042
452092	3899	6655.368950843811	20.39539603241857	17.151557279891215	14.431452956461618	45.776552461732294	1.9300090598096418	13.151873	13.180053	0.5178849364817143	0.5141574700921774	-13.90829984664917	221046	442093
454062	3918	6683.9961659908295	24.890835312624038	25.526261832211617	7.788374453819487	38.063235586150306	9.108397786107815	13.146573	13.158481	0.5478328967094421	0.5522287726402283	-13.437796335220337	222031	444063
456094	3937	6711.579712867737	21.511977130931466	20.337010153982355	10.973073366831006	39.02765433609353	8.910855630140624	13.502977	13.510973	0.5261738176643849	0.5008305510878563	-13.406283926963805	223047	446095
458021	3955	6739.616251468658	17.574642683114924	20.048934626964705	11.118742439915023	35.606084700744994	-0.9254705895783815	13.0262575	13.050144	0.4173970413208008	0.40682800985872747	-13.415845460891724	224011	448022
460044	3973	6767.569987773895	27.811694388225654	31.377319266528467	11.886018701046957	40.371758828769515	5.559723879545153	14.852708	14.855838	0.6011929820477963	0.596712676435709	-13.582164964675904	225022	450045
462023	3994	6798.12046957016	13.34870689033343	14.578389838209738	14.08607740477979	32.12920675810653	-6.782929544534394	14.084855	14.095621	0.4377832224965095	0.42618086107075215	-13.832510280609132	226012	452024
464026	4012	6827.910128831863	22.085677222845014	25.525476960733123	16.49373211298703	45.11177712263745	-17.231733383691807	14.27391	14.286563	0.5132824447751045	0.5379703440517187	-13.838592967987061	227013	454027
466063	4031	6858.660351514816	12.463666049758283	13.376361932707816	12.789248566936344	30.650236044910525	-16.296331840198437	13.079299	13.058957	0.5627923899888992	0.5471881998330355	-13.36453260421753	228032	456064
468004	4051	6887.456057310104	10.050070066950017	19.956081836233032	26.47848444590376	36.368519909857405	-47.77613182047303	12.150419	12.144521	0.5120569272339344	0.4944567750394344	-13.493508110046387	229002	458005
470002	4069	6916.520159244537	14.918712677547262	17.361257325930183	11.52741599769265	28.01175732599711	-7.043021574296915	14.433172	14.43768	0.45735263161361217	0.47418002039194107	-13.588584051132202	230001	460003
