steps	episodes	elapsed	mean	median	stdev	max	min	average_q1	average_q2	average_q_func1_loss	average_q_func2_loss	average_policy_loss	policy_n_updates	q_func_n_updates
2000	10	12.738781452178955	16.756239062546772	25.345446771070534	22.947574014135796	39.41421277740295	-26.896670775082278	nan	nan	nan	nan	nan	0	0
4000	20	25.64610195159912	25.892470814814022	31.129808551295078	20.752718182232194	40.47270824636455	-29.916285322002796	nan	nan	nan	nan	nan	0	0
6000	30	37.41417646408081	23.003532706474868	37.372171611262175	29.485023556901126	42.97702349050901	-42.0028370824463	nan	nan	nan	nan	nan	0	0
8000	40	49.271122455596924	18.53521989077712	23.523254924554454	23.780194574495237	36.04065489130424	-43.204996591483166	nan	nan	nan	nan	nan	0	0
10000	50	62.2201452255249	5.960197774091319	19.44166271554682	31.187759999070135	42.238632863381625	-38.38606775902628	4.9014306	4.9393053	0.7559086680412292	0.43904075026512146	nan	0	1
12129	63	96.10067367553711	-9.457764848375845	-16.66512153822124	26.544710105105924	30.13479883437155	-38.87656045747003	7.9755826	7.971044	0.23924650344997644	0.23539606414735317	-8.138525276184081	1065	2130
14004	75	126.59064269065857	-1.358903909585138	-15.14995841043549	31.70171587380257	42.504592014433825	-37.034382959399906	9.938053	9.925666	0.3110108642652631	0.2867473877593875	-9.931597867012023	2002	4005
16043	87	158.42363262176514	-14.429006860408453	-23.26299902571167	23.699467645836073	38.23888513030106	-39.47649617943881	10.07866	10.077284	0.5507361114025116	0.5441465783119201	-10.773903813362121	3022	6044
18147	99	189.40405249595642	13.131988830635308	27.292280370701885	27.538400315674597	43.74791649629525	-26.19068444439884	10.078015	10.089307	0.4726452673971653	0.4836623645573854	-10.920330696105957	4074	8148
20017	110	219.3043200969696	-12.699184764680643	-12.921124208509875	21.22192373983675	20.477884133407006	-38.43741779645992	11.417214	11.41363	0.650979587584734	0.6590912462398409	-11.618058276176452	5009	10018
22083	124	250.76024866104126	3.633064998114011	-12.868979491000609	27.08559341914207	40.5394405144865	-21.616428547163586	12.113074	12.164714	0.5605031966045498	0.545714864358306	-11.52188593864441	6042	12084
24091	137	281.47296500205994	15.19226206307385	18.50756812663642	21.426198409636747	39.89962677619683	-23.31328719850091	11.726072	11.720444	0.5121283271163702	0.5258727230876684	-11.668564195632934	7046	14092
26107	150	312.6079273223877	5.201430523814114	23.55318684759972	32.62320881189671	37.22134000716559	-39.920774817242624	11.299841	11.309233	1.0156680028885603	1.0420674008876085	-11.79757113456726	8054	16108
28026	161	343.03202414512634	6.476374888627723	23.555921511438164	30.82813297325184	42.084531266871565	-38.663829561800156	11.712785	11.682733	0.8486461002379656	0.8563202006369829	-11.282308073043824	9013	18027
30195	175	375.0987527370453	5.391197399205501	4.872185484796415	26.690745502956496	43.50103842689516	-36.325106687394104	10.681318	10.674176	0.8459120750427246	0.8302654385566711	-11.132301855087281	10098	20196
32034	186	403.4977009296417	2.816307779641774	5.633412606000022	34.72039948996174	45.27599981643561	-45.64954338240729	11.017399	11.018121	0.9746977709233761	0.9866385754197836	-11.025623092651367	11017	22035
34064	199	433.7786889076233	17.828787572457156	32.13906383268241	32.6172201383227	48.357566011025476	-38.76003454116318	10.99935	11.008627	1.1774053771793842	1.1315525034815073	-10.742169618606567	12032	24065
36084	212	466.1488516330719	-7.072413159774771	-14.229768330712442	30.120173862989258	37.992429607566685	-40.900598189319	10.866106	10.868324	0.9922402955591678	0.9823809654265642	-10.641004180908203	13042	26085
38153	227	498.148321390152	1.299671763536017	-0.13537837096579075	26.985023999202344	38.0299424140541	-39.60168009937988	10.588963	10.595512	0.6905414129048586	0.6855962610989809	-11.321099519729614	14077	28154
40098	241	527.127646446228	19.929424871579407	25.557032399710124	22.45736692941197	39.928835064181655	-21.72779729143718	10.599298	10.615673	0.9954395901411772	0.9798766341805458	-11.028711862564087	15049	30099
42104	255	557.9773087501526	22.37225130104657	31.553292721126837	25.138084668919067	43.43856082059168	-24.336855134744006	10.988623	11.009594	1.2011376510560512	1.1917654551565646	-11.019334764480591	16052	32105
44035	266	587.5848436355591	13.845550148521829	27.584748891679624	33.40303512812094	44.21802745700104	-53.578461223963366	10.457221	10.489529	1.432604757398367	1.395512739121914	-10.795507550239563	17018	34036
46070	279	619.4887092113495	12.700835260361332	30.17828194565056	31.38964935828898	39.75889063269253	-43.30131791626928	10.316418	10.346861	1.298028674274683	1.3177889288961888	-10.547119770050049	18035	36071
48020	291	649.7921631336212	10.7460270377026	27.55127521416799	29.625874097175895	37.8085164388994	-40.44715378703163	9.122863	9.097062	1.2302671559154987	1.2181231947243214	-10.155453877449036	19010	38021
50004	303	678.6461663246155	13.582110937556731	24.1024058422815	23.391523971947652	33.39255374588626	-36.50858638605083	8.414183	8.398218	0.9652137253433466	1.0096036884188653	-10.079092183113097	20002	40005
52051	319	708.4270620346069	18.559128260599984	28.272412991168757	26.37053575212205	39.97631774224854	-33.41928226277928	9.805539	9.801502	1.1275975361466408	1.1097790482640266	-9.955125899314881	21026	42052
54107	332	740.5906023979187	10.747279346791386	23.491290689684377	29.817348812369993	36.50137616281535	-36.22923663431617	9.421074	9.448668	1.6441346351802348	1.6322788879275323	-9.427155723571778	22054	44108
56140	343	771.1405811309814	14.45191184079307	20.966552436267527	28.013491687543542	39.71052923379355	-37.027051544998734	9.052369	9.047723	0.9969988058507443	0.9946407119929791	-9.097796397209168	23070	46141
58052	355	800.996420621872	14.70116680928916	27.581227316063575	28.42680955632952	44.620686469012995	-33.007280481993746	8.84585	8.868637	1.404535599052906	1.3839385321736335	-9.133472089767457	24026	48053
60099	369	831.9921617507935	11.131174905083084	27.08498899775304	32.50936745507298	42.33061238726596	-43.45584008993335	8.379909	8.359826	1.362618369460106	1.3562984508275986	-9.029745297431946	25050	50100
62043	384	862.0036928653717	18.903330774896034	31.236620458072615	28.030384014931332	42.76764212160328	-32.18873841159818	9.593603	9.588365	0.7395812168717384	0.7371917339414358	-9.30155858039856	26022	52044
64061	399	892.2695679664612	24.778585097463772	29.453359917255	12.887243169089716	36.39438479761177	-7.432248469983935	9.155592	9.128301	1.4048222877085208	1.4006659393012524	-8.883810806274415	27031	54062
66023	413	921.1153244972229	17.005120537360284	26.567636655858827	25.4663646705128	43.86557344999695	-31.84594882285269	9.323619	9.334413	1.4790817162394523	1.4663691215217114	-9.48463517665863	28012	56024
68101	430	951.9833655357361	6.382041598760724	20.15538857704589	31.44925953054082	45.62924360967192	-40.96795002186781	9.557989	9.588422	1.4647875660657883	1.4890174904465676	-9.135792381763459	29051	58102
70077	446	983.2680511474609	-5.638235631406019	-10.307481864492269	29.78191323404089	39.855924903088436	-47.53492184055091	8.994579	8.98821	1.4433196897804736	1.4160752022266387	-9.24866977930069	30039	60078
72084	461	1011.9670615196228	14.506192748852234	28.287767967505232	29.0455476794987	39.784167714753075	-42.40446149156008	8.265829	8.293966	1.2903290785849095	1.2736603596806526	-9.323204591274262	31042	62085
74028	477	1041.5670940876007	8.45996186338043	24.136130942135743	33.82329761610865	42.11405513755333	-43.27967937231578	10.006626	10.02985	1.1651075786352159	1.1528701436519624	-9.457166786193847	32014	64029
76106	495	1071.9890184402466	24.50784308110116	31.04153686644113	20.57501501748792	42.98516002405751	-16.221793905201356	10.799584	10.819322	1.488413055241108	1.450719820857048	-9.217975034713746	33053	66107
78040	510	1100.6495950222015	24.463501399435525	31.56950342373164	23.964680618449258	40.71692487699243	-41.624533461041096	10.213791	10.206886	0.9549013522267341	0.9635088278353214	-9.824553289413451	34020	68041
80056	525	1128.4220848083496	28.923037191756144	29.038717942561796	5.634998496368427	35.780843012779115	19.795069520121384	9.281181	9.281609	0.8860013899952173	0.9425990295410156	-9.70164358139038	35028	70057
82136	543	1157.8556780815125	18.401245487441358	21.969911460020935	29.01529536120684	43.27082877392286	-60.31261482624167	10.407737	10.377926	1.2862646859884261	1.2815350671112538	-9.89202151298523	36068	72137
84088	558	1187.6273181438446	10.61403193484681	23.36297216020344	24.74643782957567	40.15951990514781	-27.979475118397797	9.656048	9.68323	1.0224855645000934	1.0181189225614071	-9.813079452514648	37044	74089
86016	574	1217.7813594341278	12.337029444713867	26.922569555897258	32.75084526892423	43.325871384472116	-44.85380249442259	9.554344	9.571255	1.374900010228157	1.387655808776617	-10.025546340942382	38008	76017
88053	591	1247.2905287742615	21.100013417078742	35.049058061897526	31.556448976131936	42.72149829603703	-41.23016358630813	9.71665	9.741063	1.0094941785931588	1.0211630840599537	-9.83068323135376	39027	78054
90038	606	1277.5904235839844	3.614482672857396	21.701305750716067	39.94804620217569	43.56662590410023	-63.20282640063674	9.667229	9.690553	1.310485446304083	1.291934709995985	-10.183119821548463	40019	80039
92050	621	1307.2746677398682	12.864290457025334	28.435934424705025	31.57278459356538	41.12768816458758	-52.14827587799595	9.677727	9.654781	1.2283030200004577	1.2289540500938891	-10.280414609909057	41025	82051
94073	640	1336.7315483093262	19.166962475657837	29.71386880317099	25.18402005025959	43.53486014070872	-32.43324028641811	11.373439	11.355394	1.3639457221329212	1.3434498885273933	-10.444831693172455	42037	84074
96068	656	1366.3379340171814	10.72881681346826	25.80145839076806	32.40875300294255	43.33943853971606	-45.865773266992214	10.256184	10.22115	1.200837917625904	1.2147880032658578	-10.269719629287719	43034	86069
98042	671	1394.005931377411	25.669005580614144	29.081281583232155	19.307124360447418	48.48311100127477	-23.883788113827773	10.655106	10.633359	1.3036025801301003	1.3048678354918957	-10.16012610912323	44021	88043
100094	687	1424.58234333992	16.1290052813219	25.767691140552465	29.518633507296407	43.04951743590254	-41.7214052227899	10.111303	10.121635	1.0640285682678223	1.0569913019239903	-10.593386063575744	45047	90095
102091	702	1455.3715541362762	14.48879738889365	27.22050935391959	31.08874948852417	45.18024217434006	-33.497949032966254	10.233553	10.238084	1.1027461786568165	1.0898788166046143	-10.391935529708862	46046	92092
104032	719	1484.528326034546	14.562869140818766	19.32021175098135	25.779256632095436	41.08839549524903	-43.165767996484156	10.553356	10.543059	1.4858731931447984	1.4868740820884705	-10.755482988357544	47016	94033
106051	734	1514.2681331634521	27.412406970697738	31.12543898194132	14.238081865145421	40.78951401524762	-10.179415625212874	10.05181	10.051335	1.147861015945673	1.1603743381798268	-10.932463431358338	48026	96052
108197	751	1544.9657170772552	26.79291350598044	34.31965059015893	23.62991703124244	45.836219029788595	-35.926562707882276	10.526378	10.519955	0.9574648281931877	0.9575592905282975	-10.98129150390625	49099	98198
110059	765	1572.574782371521	10.64974111068655	23.817230611380538	32.72144636243325	42.55140427876244	-43.61694248246185	10.854815	10.86444	0.8655436588823795	0.8643158055841923	-11.200246315002442	50030	100060
112051	782	1601.9000117778778	21.89684730187368	27.371158375513424	17.99279721436874	36.574836564527025	-22.97073261790096	10.898535	10.892528	0.8279886105656624	0.8380301934480667	-11.093770074844361	51026	102052
114079	802	1630.1622774600983	20.87079066939053	23.484806954603997	25.354484266988724	44.597542784251246	-44.61931287792771	10.895924	10.895053	0.9963673731684685	0.9878704294562339	-10.898439698219299	52040	104080
116071	820	1657.9725320339203	15.770960498643156	26.32397895860025	30.619117165102775	40.68424076633688	-46.39866643914775	10.781578	10.731139	0.8792125903069973	0.8553764604032039	-11.753768305778504	53036	106072
118013	838	1685.3830871582031	28.561131168177234	34.736843706937606	23.574928844227877	46.605335924324464	-36.344052050974966	10.896486	10.850469	0.9703464527428151	1.0068999719619751	-11.61665497303009	54007	108014
120106	855	1717.5590436458588	7.696145087066288	16.033654757264657	24.503296300119338	35.689168037936454	-34.71013723762502	11.733029	11.759201	0.9392570526897908	0.9266144236922265	-11.48274091720581	55053	110107
122114	874	1747.853277206421	13.076788784140579	30.701481618628485	36.59163498078064	44.3138157374235	-55.705571664662074	11.055457	11.041225	0.8896869698166847	0.8807934361696244	-11.654541440010071	56057	112115
124178	893	1775.9864611625671	24.82248538349742	29.375357021289304	13.376386482803401	37.54402769070817	-8.658501888845366	11.296478	11.265096	1.104288581162691	1.048513448238373	-11.72162100315094	57089	114179
126102	911	1804.6650807857513	32.32668963644258	33.97181929199115	6.785234259590435	43.16212509073912	19.29947714608447	11.9548025	11.95431	0.9815330955386162	0.9571169798076152	-11.916696581840515	58051	116103
128031	927	1833.024926185608	34.194752223927196	34.53777281348344	5.118031864381344	39.69200606828395	23.145693835909228	12.420618	12.413367	1.196654613763094	1.177276924997568	-12.128811163902283	59016	118032
130137	945	1863.066120147705	24.66774865256997	24.43264653607833	5.798558443014639	34.020653709737	17.2673936754288	11.630803	11.658891	0.9008838969469071	0.8927952189743519	-12.074727163314819	60069	120138
132013	957	1890.1144626140594	33.96199260635152	33.496440390879805	9.364596735430162	45.1655689977066	18.35392235742579	11.270639	11.281296	0.8900050427019596	0.8633807164430618	-12.052423286437989	61007	122014
134046	976	1918.0267097949982	29.088159689701953	36.962384782029545	25.9002236882623	45.124780190057635	-41.095031776968696	10.5991535	10.6101	0.6690074822306633	0.6943906784057617	-11.662676415443421	62023	124047
136004	994	1945.480638742447	16.628661397486542	24.782179880491967	25.268205279003045	41.493826343913526	-39.08278455882246	11.029474	11.04603	0.8194873894751072	0.8023955012857914	-12.051546077728272	63002	126005
138095	1015	1974.437021970749	33.04342309095094	32.4493876157763	7.852145085098356	47.29861481838575	20.125542560420786	12.820917	12.823279	0.8710300745069981	0.8844289250671864	-12.239588041305542	64048	128096
140000	1030	2002.1223862171173	24.38574923880964	31.422739038330075	22.32095939516039	42.20184576178139	-18.27689105529952	12.511299	12.522545	0.9821003782749176	0.9200524746626616	-12.295352163314819	65000	130001
142076	1048	2030.9125485420227	36.15871366766652	36.22763257136912	3.275809249813472	42.796489393002986	31.09140296007586	12.164301	12.166756	0.7944895021617413	0.8086202712357045	-12.265629863739013	66038	132077
144046	1066	2059.2893319129944	20.152046895945396	33.44825654471482	32.10550020547547	43.09965722309655	-50.990253070331384	13.38051	13.3645735	0.8830652411282063	0.9583537021279335	-12.298078370094299	67023	134047
146039	1084	2088.390438079834	19.299455380017154	32.78914698238911	30.952845994009586	41.41163692451002	-37.63705261209578	12.236248	12.248283	0.8882733736932278	0.893717470318079	-12.277316703796387	68020	136040
148077	1100	2116.679398536682	28.309222797133526	35.91998186971237	19.233716571073796	42.75658010226931	-21.44473228352979	11.686828	11.667499	0.8972883270680905	0.8939617934823036	-12.122709469795227	69039	138078
150047	1116	2143.2822964191437	28.313590624041403	27.320665695775375	8.22152629749785	44.904326209514494	18.2098786524684	12.629186	12.642309	0.8011819611489773	0.8186466303467751	-12.198382887840271	70024	140048
152036	1133	2171.632398366928	23.72466603343858	30.33151667403492	20.269618640150036	40.83892807877238	-28.49519143507325	12.633683	12.653627	1.2036748798191548	1.2276146475970746	-12.586624717712402	71018	142037
154050	1153	2200.1082010269165	31.189895817835886	33.95418733718277	17.147037959077963	44.17306333640334	-15.681683653254266	12.284108	12.292541	0.7885469508171081	0.8188152685761452	-12.809106531143188	72025	144051
156120	1170	2228.476688861847	23.114133458866032	27.611105867663518	25.032524795745456	46.25194666574869	-42.05936092709384	13.183095	13.206318	0.7715003637969494	0.7891529488563538	-12.566397972106934	73060	146121
158133	1187	2258.399576187134	22.706717592321706	32.225583978922295	24.18535501568388	43.307129759299286	-38.75066231838179	12.110589	12.10198	0.8915027312934398	0.8679844434559345	-12.79223210811615	74067	148134
160077	1206	2286.8206429481506	25.797471024024837	35.15838284312706	25.002084531083685	45.209516737677006	-37.41880855461759	12.073377	12.08518	0.8978397715836763	0.9209476307034492	-12.85876293182373	75039	150078
162007	1224	2313.984749317169	22.531748579103205	26.844168923634836	22.71152921684844	38.97489885212121	-38.4642207828247	12.547964	12.540662	0.8249409581720829	0.8252943581342698	-12.796486854553223	76004	152008
164185	1243	2344.966681957245	15.555262683723912	24.07197537918805	25.82196312627593	36.85549590127629	-37.32072295917962	11.724379	11.724727	0.7703792265057564	0.7802411733567715	-12.68193088531494	77093	154186
166071	1257	2373.341876268387	19.071193235719694	29.833041748081705	28.72487645764152	42.470432817641786	-36.4704382641091	12.594129	12.597945	0.9061196798086166	0.8420052850246429	-12.789481644630433	78036	156072
168088	1275	2402.4693188667297	23.70955535400315	28.819359167374497	23.290989121086074	45.51239609091188	-34.75054404579516	11.93465	11.944809	0.6559707977622747	0.6537372137606144	-12.832236957550048	79044	158089
170167	1296	2432.088563680649	22.977338706893686	27.229495052600825	23.292394618089965	43.84991788234382	-36.81668155156011	12.66899	12.670699	0.7446324786543846	0.7178501439094543	-12.699500441551208	80084	160168
172031	1314	2459.8513989448547	14.644100559555879	32.929209486042396	33.718972695567366	42.137399691130945	-40.360581343703025	12.914285	12.9150095	0.6941046586632729	0.679441391825676	-12.71168611049652	81016	162032
174115	1330	2489.3526709079742	21.80113957291409	25.71827870500906	25.682184032160805	46.34119084425674	-46.16658132256007	12.875286	12.834562	0.7112713262438775	0.7423462647199631	-12.939615764617919	82058	164116
176012	1347	2517.321801662445	34.37473444804752	36.125388979658524	6.953627717989783	42.85506028504324	24.010148522854696	11.885753	11.890681	0.8508395850658417	0.9121795374155045	-12.813989038467406	83006	166013
178033	1367	2545.9932487010956	20.022690740263027	26.171590262187756	23.807082725507815	39.64283586645952	-42.50803560397236	13.018281	13.042916	0.7436583244800568	0.712800754904747	-12.85683214187622	84017	168034
180131	1387	2577.781012058258	15.099594670721444	16.03117659204683	24.983966680019495	45.53287837440955	-20.286875565051616	12.107903	12.103864	0.8372143058478833	0.8449761334061623	-12.65205738067627	85066	170132
182101	1403	2606.315089225769	29.386577952968853	30.6350417472745	15.020968150079034	44.95364135692956	-8.145426203852464	12.828833	12.843953	0.8385966165363788	0.7418272073566914	-12.393142747879029	86051	172102
184081	1417	2635.0310060977936	25.364114943987587	30.042857112945242	18.580773512029808	44.529248018503814	-21.86043519071296	12.118924	12.137608	0.910030331760645	0.8584459468722343	-12.590843739509582	87041	174082
186044	1434	2662.5846304893494	29.335073103642692	35.03193313661367	19.526143499036877	44.19630044078782	-21.700318792449355	11.878347	11.890262	0.7196452553570271	0.7438115127384662	-12.369135017395019	88022	176045
188028	1455	2691.105306148529	6.7290728757661515	22.80872434176699	33.65465118197441	45.95845836609377	-37.30065163392405	12.685662	12.649861	0.8533571872115135	0.9026929104328155	-12.120360951423645	89014	178029
190052	1474	2718.997118473053	27.355398297331927	25.983494474742848	9.921360743797944	41.567170381279254	12.712992451512761	12.863366	12.85227	0.9064344829320907	0.8693662075698376	-12.276692056655884	90026	180053
192036	1495	2748.114686727524	31.93202317919342	33.24009684768635	8.17119298107082	42.33562050726386	18.280249114339405	12.705	12.712853	0.777275101095438	0.8277936680614948	-12.799214816093444	91018	182037
194019	1513	2776.078625202179	24.748600924307013	27.228120215751392	24.05623114961909	45.560332606481595	-39.422859744816364	13.167674	13.181907	0.7128673309087753	0.7356500385701656	-12.75621699333191	92010	184020
196031	1531	2803.7073333263397	36.160678720082615	37.41971199231553	3.9183036769860204	41.912200780600244	30.83665059020493	12.244293	12.250418	0.9240302194654941	0.9323580232262612	-12.64248872756958	93016	186032
198086	1549	2832.3459770679474	15.087232110249301	18.63737548075037	16.08409866520235	31.755201668187897	-27.989149399451456	11.087317	11.106887	0.858238018900156	0.8305200763046742	-12.61642912387848	94043	188087
200056	1568	2860.22878241539	26.03905627418534	31.415599964975982	22.90164561362826	41.14546421305762	-37.38914703077534	12.330699	12.315591	0.6255180022120476	0.6500751151144505	-12.528685536384582	95028	190057
202149	1589	2891.0046813488007	19.39870945731405	32.05242410795772	28.01071135818761	41.171163533413875	-32.230432358072456	12.132475	12.114341	0.7498324663937092	0.7549169661104679	-12.573747510910033	96075	192150
204115	1607	2919.888091802597	18.423110471742902	27.208264187732244	30.22383621946676	47.319344299738	-36.5024434149941	13.082859	13.094022	0.8417459744215011	0.8952055297791958	-12.364555811882019	97058	194116
206079	1623	2950.021014690399	10.656982514304227	22.851558951944437	28.869856350503827	42.909294327666736	-34.278930927263595	12.334953	12.3241825	0.680449326634407	0.6903148128092289	-12.767373313903809	98040	196080
208070	1642	2979.0903577804565	16.023754041082285	27.823125858180425	28.199097756158565	37.579904735532935	-41.701433484134846	11.757285	11.762748	0.8152126386761666	0.7896142137050629	-12.490805821418762	99035	198071
210094	1663	3008.4074544906616	-1.6514691937914532	-4.377718069976623	34.11219713824032	41.837792265473844	-38.32563833446364	13.32384	13.31377	0.7692611893266439	0.7934548996388913	-13.07364914894104	100047	200095
212043	1682	3037.9291157722473	5.797787450761411	26.287848994947442	39.58687479789915	45.406828621933016	-46.55572767282283	11.709514	11.70573	0.6119856695830822	0.6170194335281849	-13.31531346321106	101022	202044
214003	1700	3066.12891292572	28.00481271393253	35.28767121954874	21.66441670724614	42.314557652092745	-28.629228233155274	12.70719	12.735205	0.7649718587100506	0.7755498430132866	-13.202834715843201	102002	204004
216065	1716	3095.2233757972717	28.696645001562583	26.719358303688416	6.613754171761186	39.07511900562544	20.91216895682193	13.369288	13.379224	0.6156457951664924	0.6005407087504864	-12.8411416721344	103033	206066
218004	1734	3123.6772286891937	15.500988698266264	27.710026277818827	30.312430378691374	39.4214212385106	-41.02467442294996	12.417346	12.421546	0.6501605622470379	0.6444684203714133	-12.748621878623963	104002	208005
220031	1755	3153.730795145035	22.248488496232905	29.54346508675221	23.454874748948374	43.74637500500138	-40.48795752590827	13.561965	13.540277	0.8182372949272394	0.8223340199887752	-13.152588953971863	105016	210032
222010	1774	3182.4679565429688	27.369844842866296	37.291394562116594	22.25319571398616	44.79705278043994	-29.73566267523915	12.877801	12.866343	0.8297345252335071	0.8670928166806697	-13.138505945205688	106005	212011
224124	1795	3211.427644252777	28.021637087552072	26.09324613741724	12.959468858305254	46.59846361866754	9.882732760275196	12.765127	12.787688	0.7165865497291088	0.7114212174713611	-13.060742573738098	107062	214125
226169	1812	3241.295436859131	13.29829971199455	27.69008113030433	26.454742698225882	36.30716859165961	-34.17515871154399	12.881429	12.881521	0.7040531691908837	0.6965922087430954	-13.001967186927795	108085	216170
228065	1828	3269.6388199329376	14.227955088664356	22.281094966993514	30.819763924371742	42.91747244939523	-44.74616601551892	13.124316	13.142778	0.6847623325139284	0.696894169896841	-12.827898368835449	109033	218066
230047	1844	3299.135838031769	18.532883940264043	27.584727469595983	22.36680800689991	38.88962486508095	-30.37450042648906	12.849578	12.83702	0.6502285505831241	0.6369857957959175	-12.920457944869995	110024	220048
232054	1861	3327.941337823868	23.96506804703906	32.332309451064326	24.199475535190327	41.41674090201729	-39.929764680536174	13.0823145	13.064905	0.6401841001957655	0.6325369641929864	-13.000207023620606	111027	222055
234053	1876	3357.0252606868744	25.45457391629592	32.83691496638468	23.336421248506692	42.29575400602561	-33.67739414353518	12.760765	12.769319	0.7238183662295341	0.7331610481441021	-12.994337134361267	112027	224054
236029	1896	3384.8766751289368	22.023930956500998	32.47386781696288	23.747325971078585	44.66027988386832	-23.931556506556486	13.285642	13.256455	0.9381466239690781	0.9340732719004154	-13.401735706329346	113015	226030
238041	1915	3413.402940750122	18.551858852377077	30.031141855497182	29.592006060771936	42.92024942784867	-40.72265067254788	12.970055	13.016581	0.9041948063671589	0.8924118696153164	-13.3593310546875	114021	228042
240034	1932	3442.0975472927094	15.924708588671969	28.267385274565438	28.524870968425457	40.34775078839887	-36.0615549700906	12.9101515	12.929216	0.7765748959034682	0.7324469627439976	-13.176343431472779	115017	230035
242032	1949	3469.6210684776306	29.55635580451826	33.126541526010435	9.949107978270483	39.98583611238762	10.16147949318622	12.720476	12.710381	0.6934009256958962	0.7130297350883484	-13.192674469947814	116016	232033
244070	1970	3498.7305195331573	13.605214898939114	25.29515486896727	25.997260500717807	40.350800092818346	-38.668224646601956	12.579314	12.55145	0.8195332014560699	0.7729991953074932	-12.936770391464233	117035	234071
246161	1990	3530.29882144928	7.183588489312877	0.00987529571870649	27.745964712524703	42.13840677881373	-30.053010986612378	13.166386	13.155532	0.5773356927931309	0.5632860514521599	-13.042213525772095	118081	236162
248077	2005	3557.624046087265	27.066512289680702	28.330555180983506	15.992425944569138	43.5129434090797	-13.193205152123989	12.7832985	12.798015	0.6472796046733856	0.6624280948936939	-12.792128963470459	119039	238078
250004	2022	3585.3581833839417	21.55162917103285	28.54356312702561	23.87492921230751	45.776802846180146	-29.481005489761884	13.406558	13.411307	0.6261666548252106	0.6468717701733112	-13.270041275024415	120002	240005
252054	2040	3614.010082960129	23.665008574893456	31.91094721731769	26.429632993504487	43.65926088954888	-47.67546144020529	13.124766	13.146014	0.7776794119179249	0.7672170116007329	-13.463391790390014	121027	242055
254023	2057	3642.4244527816772	23.779273288419027	28.325652901562535	21.415975471326334	43.03279544672537	-29.608799244177117	13.475418	13.472008	0.6601875735074282	0.6476662059873343	-13.255396070480346	122012	244024
256149	2080	3673.0890741348267	13.949435083997162	29.037879711571044	33.66771150900931	46.824761736686526	-38.62999205480484	13.793417	13.793783	0.6083576090633869	0.6201254573464393	-13.007621879577636	123075	246150
258091	2098	3701.300799846649	10.615205801752621	19.97526088823249	28.845619396294765	45.30342357201074	-44.15306052538625	13.425731	13.429781	0.7203470127284527	0.7122149785608053	-13.60351704120636	124046	248092
260036	2115	3729.572860479355	20.440136476483616	31.818150501925373	27.87421904910481	44.1284556811085	-32.15454807500049	12.6412525	12.610207	0.6102738118171692	0.617744460105896	-13.13854585647583	125018	250037
262110	2133	3757.8730425834656	36.392377085068276	38.583516188927916	7.268223672607779	44.32926906767272	20.447695400452787	13.064854	13.063635	0.8124715630710125	0.807373852878809	-13.369559984207154	126055	252111
264060	2150	3786.9420552253723	12.768313629850686	26.592547951661928	28.45761474928855	35.92511320249749	-29.117580439552032	11.896108	11.915551	0.6889947281777858	0.6699994930624962	-13.427214002609253	127030	254061
266046	2168	3814.2505037784576	31.63478706828431	30.258880455167656	9.147781580752522	44.41966298253197	17.93485962712507	13.583114	13.58185	0.7029635387659073	0.7295931948721409	-13.541143245697022	128023	256047
268029	2187	3843.1500663757324	24.850417255012747	33.842010474608365	25.17190617541908	39.04796248280747	-44.55133808964801	13.5431595	13.526756	0.6577912458777427	0.6315765534341335	-13.00139398574829	129015	258030
270037	2207	3871.460545539856	22.637522904218443	28.621642456460453	21.176332361195385	48.40100124417516	-14.787134777231511	12.873337	12.865306	0.8165560229122639	0.8101389221847057	-13.285352263450623	130019	260038
272071	2227	3901.4305198192596	21.180444297997177	31.87908447087709	23.724230853661812	39.773514486195396	-30.30349225509874	13.306244	13.320885	0.6690543681383133	0.6992846810817719	-13.360282526016235	131036	262072
274057	2247	3931.9327754974365	6.888934377489132	22.782045183470608	30.738212566336397	38.4515212069393	-38.45426179119891	13.889497	13.901207	0.8110618928074836	0.8318451911211013	-13.598280782699584	132029	264058
276129	2266	3960.935028553009	23.785835431331286	30.271141681114322	21.23497247453437	39.30074948428391	-31.827375515220588	12.885301	12.852749	0.636871494948864	0.667879584878683	-13.465482187271117	133065	266130
278005	2286	3990.01416015625	2.945384201470718	9.160850444785657	31.2549647692143	40.3742404765154	-45.5401377061076	13.399515	13.429238	0.8724981516599655	0.8703208908438682	-13.407976388931274	134003	268006
280106	2302	4019.3751544952393	22.444595795121494	28.382486895714216	18.29577677534724	39.002708734761555	-25.755894103626577	14.15415	14.142954	0.6050257813930512	0.6190778087079525	-13.70766689300537	135053	270107
282115	2320	4048.59162068367	24.182515198048073	31.934346494610587	22.61440389254149	38.69524849569445	-38.60600154310682	12.462318	12.4428005	0.6616426399350166	0.7126040227711201	-13.249311141967773	136058	272116
284037	2341	4076.3071348667145	10.582455901456148	23.69221301242218	27.929313897501604	44.00059939293014	-31.220916698576016	13.4538555	13.433338	0.7212075842916965	0.7370447698235512	-13.189917593002319	137019	274038
286157	2360	4105.290326356888	21.02091434895193	23.13555842000242	13.82494183297294	38.13680658271224	-8.090419849370708	13.7368145	13.7335	0.7674320834875107	0.7610460597276688	-13.725734376907349	138079	276158
288037	2374	4132.986656188965	6.445273946404504	18.629802155514547	28.625960765435764	41.642994735379084	-38.50138381872211	13.058866	13.006085	0.667161884456873	0.669919992685318	-13.578230810165405	139019	278038
290047	2393	4160.359531879425	31.428647295573747	33.425509787866645	9.208965033785184	44.78322942010836	19.350151947597737	14.705599	14.658529	0.7111080846190453	0.713485736399889	-13.650832319259644	140024	280048
292018	2409	4189.408611297607	10.727994578105802	18.068614130072646	30.754471138883815	43.25965875424887	-39.949595706048655	13.905951	13.892595	0.7931313277781009	0.7747237354516983	-13.945682516098023	141009	282019
294000	2429	4216.15899348259	32.70872603905258	32.263620326675635	6.1920815009833365	42.54980981632288	24.29719905090111	14.336924	14.317888	0.5599618904292584	0.6079040177166462	-13.620514316558838	142000	284001
296041	2447	4246.574814319611	14.203314667257867	22.76987500153968	28.038460330256488	39.77676931607826	-42.39404397288401	14.180795	14.183737	0.6985836893320083	0.6773447886109352	-13.119894437789917	143021	286042
298058	2467	4276.9044597148895	7.790333188042698	21.632445992903115	34.695712545742126	39.93473486603639	-47.59110751429002	13.533926	13.561126	0.6823001150786877	0.6744957330822945	-13.47505307674408	144029	288059
300005	2483	4305.9471118450165	27.206996528957383	35.08483427221276	23.52771868440519	41.22506119601185	-38.514035687786816	14.258088	14.231344	0.6285128943622112	0.666875766068697	-13.350067434310914	145003	290006
302017	2504	4335.74809384346	33.96961915257694	35.73032790724887	7.314059807069628	42.163162598220225	16.98981376281769	12.024729	12.019691	0.5591247552633285	0.5726106189191341	-13.788961009979248	146009	292018
304150	2521	4366.067713499069	20.77179459575399	34.839380838898336	31.377886196103333	43.67732097311612	-40.05564797372944	14.319258	14.309153	0.6275999848544598	0.6090415716171265	-13.74860825061798	147075	294151
306050	2538	4392.786481618881	25.260513074512673	33.79873753600201	24.294780527528022	41.40254785332297	-41.18785347237102	13.297428	13.307397	0.6683135186135769	0.6473085103929043	-13.576517915725708	148025	296051
308024	2559	4420.595000982285	28.75346500247901	34.75522937850597	23.908675413503442	44.772449164822085	-37.03383439296158	13.829348	13.835764	0.6083493438363076	0.6105750954151153	-13.885875949859619	149012	298025
310013	2579	4449.1352891922	24.6680539705427	31.542013370474535	21.32033912014093	43.816931353958	-31.452041246035044	14.23467	14.216894	0.6362088750302791	0.6392873445153237	-14.066537923812866	150007	300014
312027	2596	4478.202689170837	12.958123892723902	24.854282125577946	29.85570349446818	44.46377014365477	-35.875432627339606	13.52127	13.507022	0.6357020843029022	0.6521270354092121	-14.336617527008057	151014	302028
314060	2614	4507.004127979279	33.378641831974754	38.79406552019102	16.879351086257742	49.38113832478259	-10.859372681843398	14.79131	14.765781	0.5921284525096416	0.5914482034742832	-15.041747331619263	152030	304061
316027	2632	4533.79305768013	36.10012670243329	37.96144024090485	7.178602522647288	46.007287266375414	25.337042136491174	15.375814	15.360611	0.6634155347943306	0.705743363648653	-15.270422105789185	153014	306028
318081	2649	4562.587505102158	14.192056540022685	23.615801181949557	28.198433813571995	43.50958023871489	-40.320774513101355	16.131369	16.116621	0.7833182898163795	0.7626080575585366	-15.680705242156982	154041	308082
320033	2669	4590.452607631683	18.749935693131267	19.386873119228106	21.164471155934187	42.9168338318977	-19.58665414134204	15.595214	15.625058	0.6073925033211708	0.6106105217337608	-15.751235628128052	155017	310034
322134	2688	4621.308487653732	17.241571609738546	21.641116239226093	25.151756695289066	41.498272345315385	-33.43329184440237	14.555759	14.548463	0.5908504217863083	0.5968761111795903	-15.693949718475341	156067	312135
324093	2706	4648.877436876297	26.751579604354212	33.37124086323649	16.197801791327482	39.045246494711094	-15.347612012000909	14.388578	14.396216	0.6140886796265841	0.6338126821815968	-15.882010116577149	157047	314094
326054	2721	4676.750427722931	25.92092583896345	33.08833685222716	23.68833758191622	42.33420017568144	-37.90663525593467	15.037619	15.01597	0.6162922741472721	0.6024499826133252	-15.440727262496948	158027	316055
328199	2740	4707.175420284271	20.35421477341938	32.2227361054848	31.167778223074684	48.96638867930676	-42.33987616217722	15.629751	15.602105	0.6102008521556854	0.6149887076020241	-15.70939034461975	159100	318200
330075	2758	4732.91400718689	23.09970789666867	30.317649217332395	23.18696770272303	36.66115372022617	-40.24482941553909	15.933118	15.926644	0.6578584417700768	0.6538461869955063	-15.533044137954711	160038	320076
332126	2776	4762.139110326767	15.766268636053491	25.22618372284154	27.725107644509094	39.9615073486129	-36.61484820058895	14.330834	14.344401	0.9098224227130413	0.9134488534927369	-15.525822591781616	161063	322127
334042	2791	4789.880555868149	21.805693872714265	24.924620598983612	18.773193588886162	38.868634846988506	-25.566563702883762	15.555051	15.538423	0.78412148848176	0.7588781835138798	-15.527075262069703	162021	324043
336034	2810	4818.750851154327	19.25533263252802	32.97924256709079	28.76530232660102	41.46399246381719	-41.58564283179168	14.870535	14.875792	0.747979162633419	0.7510684961080552	-15.366729068756104	163017	326035
338017	2828	4847.060462236404	28.757387663079424	30.664301478938732	10.519086048764992	42.33569854186407	14.126586702998303	15.040601	15.016679	0.6408759477734566	0.6364352628588676	-15.215273866653442	164009	328018
340000	2848	4878.144086837769	1.3715298483499516	26.889380338273455	43.20570101314764	41.717762129518995	-51.721665607127676	14.99551	15.002753	0.7594395466148853	0.7569113890826702	-14.979128561019898	165000	330001
342060	2868	4906.447671413422	18.894275278834343	27.867188704446185	26.355123244939033	38.78778132669382	-43.128789887677414	15.611969	15.598085	0.8002001285552979	0.7980407065153122	-14.96416706085205	166030	332061
344046	2883	4934.792814016342	8.113760661717837	24.250588122298304	31.926143856521662	40.377866547171024	-51.72176141431754	14.10842	14.129934	0.7354622258991003	0.7293339456617832	-14.898502931594848	167023	334047
346084	2902	4963.069438695908	17.485334782315764	20.375954208266272	20.576115863196936	40.228781261502775	-34.57463273488768	14.966309	14.97992	0.6741015180945397	0.6988305433094502	-15.032358503341674	168042	336085
348101	2920	4990.965095281601	15.57014505028992	26.04885586481241	26.71478253980887	37.04086592062206	-34.68266061560485	15.759693	15.771703	0.7009799484908581	0.7095491947233676	-15.128701038360596	169051	338102
350018	2942	5017.699104070663	21.383825548997184	27.760473927433438	24.562825839893215	47.77334547809725	-30.23323110017956	15.07517	15.1327915	0.705835105329752	0.7066340197622776	-15.224435110092163	170009	340019
352061	2963	5046.126263380051	23.66387558745424	28.625132439512285	21.473772645702642	42.24476685165035	-34.064631828976715	15.473977	15.481056	0.6506711050868035	0.6745476414263248	-14.683186111450196	171031	342062
354079	2982	5075.265864849091	0.9339712433867099	12.733885169886554	32.50280329565954	41.82738917877414	-45.13502032990684	14.742247	14.7347145	0.6259576211869716	0.623517170548439	-15.036011638641357	172040	344080
356063	3002	5102.347378730774	25.926096012938793	33.122704686268484	20.61944580875947	39.312185005653994	-28.399903087911458	14.322296	14.327054	0.7338302198052407	0.6919447501003743	-14.458524770736695	173032	346064
358086	3021	5130.174316644669	20.18382300107612	22.176341242435107	18.591526764819367	40.20118550802407	-23.604201136108067	13.935963	13.912068	0.8342671112716198	0.8325398284196853	-14.689239807128907	174043	348087
360049	3040	5158.073672533035	11.81783188420441	31.977526212696027	35.617519969152646	37.88810402403566	-40.79753842180739	14.484587	14.466265	1.0088258862495423	1.0115685397386551	-15.096760997772217	175025	350050
362105	3062	5186.615784168243	29.88093483770268	34.599593787885325	9.591166219075868	41.392046147301414	12.769041634964026	13.494466	13.523094	0.5336063657701016	0.5558699756860733	-14.642674932479858	176053	352106
364022	3079	5213.169327497482	27.33750095109725	31.2873418007498	19.594023462479896	46.56165955660719	-24.574048823861418	14.124051	14.096418	0.7298726204037667	0.7160070689022541	-14.975676231384277	177011	354023
366067	3097	5240.947608947754	30.135894303022248	28.101496854106763	9.017856879350687	45.694582571768514	18.43444680159383	14.861136	14.8696995	0.7304195606708527	0.7375482757389545	-15.079441757202149	178034	356068
368019	3113	5268.138413906097	22.19879424985165	31.981114372777856	27.169082915284037	41.092272121751165	-50.4501091205697	15.467928	15.461556	0.6417396742105484	0.6052495367825032	-14.590555515289306	179010	358020
370064	3131	5296.614508867264	21.61962258002304	20.814133230403435	14.202966328671074	36.91686483606821	-8.306939498146248	13.036983	13.046976	0.7930343222618103	0.7174200145900249	-14.4101979637146	180032	360065
372043	3153	5325.201281309128	30.785983488220527	34.834692906335846	16.122869383212016	43.44049403636747	-12.7445938772895	14.610025	14.607571	0.9424186146259308	0.8852675999701023	-14.382219820022582	181022	362044
374064	3174	5353.672006845474	31.244707869501802	30.841331917949375	7.568537364915212	41.40008292020851	16.22498232538289	14.7746935	14.813845	0.6564529152959585	0.6461448347568512	-15.134942483901977	182032	364065
376041	3191	5380.680892944336	22.123740595514672	28.719205589552125	22.390493790526687	39.84493248087212	-36.51899202315085	14.606264	14.617678	0.7214495140314102	0.6774187883734704	-15.505423822402953	183021	366042
378008	3210	5408.2312614917755	29.71996512788008	28.1587906186721	9.409143654380964	41.121951574747214	10.844152278398042	15.684099	15.689645	0.6641067531704903	0.6736522395908833	-15.526285390853882	184004	368009
380034	3229	5436.434020757675	24.785964030705017	31.90841955425892	22.934073123097882	40.19235351956637	-38.13214087149079	15.46533	15.462486	0.8614812998473644	0.8380234365165233	-15.659350900650024	185017	370035
382063	3245	5465.291925430298	15.38664608457805	26.3122614474958	29.035122490518525	44.016429364970456	-38.57204466189979	15.070408	15.085738	0.7662397997081279	0.6993616383522749	-15.384772520065308	186032	372064
384030	3262	5493.005447626114	28.41823769921261	31.81800724651476	9.265432375524767	37.39093336485353	10.826774359845437	15.299714	15.313069	0.7113931564986706	0.7170122356712818	-15.56318016052246	187015	374031
386012	3280	5519.411814212799	32.53193408579805	33.1556672234003	6.2655895749213775	39.693967452419884	19.962994177455464	15.330601	15.349927	0.8562027578055859	0.8352305746078491	-15.110443077087403	188006	376013
388009	3302	5546.365844011307	31.13366581854529	36.69465986642233	19.477741673949737	45.5554084092363	-22.274259597536712	14.811787	14.848017	0.9191504538059234	0.899063308686018	-15.217810945510864	189005	378010
390095	3321	5574.456591367722	32.039766766992344	34.741122610674914	11.411058740706622	43.30975822907148	11.343515551361584	15.469523	15.453158	0.6097546683251858	0.602195050418377	-15.084019365310668	190048	380096
392071	3343	5599.894196033478	32.38564395171238	34.54484880074603	9.856145782771954	43.40619626101065	8.91289968244616	15.373772	15.3659525	0.7598125831782818	0.7429914645850658	-15.302405614852905	191036	382072
394016	3363	5626.787758111954	23.14764864530443	32.281778255240916	23.388253275781775	37.31408763077884	-40.75063838364441	15.059331	15.020459	0.5664561527967453	0.5730001476407051	-15.134799718856812	192008	384017
396087	3384	5657.011432886124	30.058589409118103	36.26309550351137	16.454898577581407	41.002352791630166	-13.721155835501033	14.0804825	14.077734	0.6881069731712341	0.6636676076054573	-15.298165473937988	193044	386088
398005	3406	5683.469686985016	24.050250986256923	23.39651470062708	7.007007533015237	36.224200294624104	11.227501284030609	15.842176	15.849621	0.7414307384192944	0.7422788079082966	-15.710682744979858	194003	388006
400108	3426	5713.775540113449	5.869074614309164	15.591276900676675	25.159622138953157	41.92687459025011	-38.601435525744094	16.076332	16.101126	0.7631414073705673	0.7993021613359451	-15.964191389083862	195054	390109
402021	3449	5741.1633558273315	30.383604183065263	32.928102770084664	11.344482963785314	44.827097429595945	11.90723483108458	16.607246	16.621305	0.6522648485004902	0.67713467374444	-16.180542249679565	196011	392022
404076	3469	5768.968805551529	32.32053879328326	31.41434925492566	5.243297486151324	43.140425793343326	23.861230175555278	16.549917	16.578985	0.7953197106719017	0.7323256511986256	-16.417354888916016	197038	394077
406015	3488	5795.7102110385895	29.46148868161434	30.986516996292714	5.915861079331206	37.35273830364437	18.39464802923031	16.52406	16.520052	0.8744638918340206	0.8207601553201676	-16.1804269695282	198008	396016
408034	3511	5824.160754442215	28.02464293864625	29.587196757193425	9.410549732953035	41.26786553959845	10.85579117541775	14.90565	14.87248	0.6158483946323394	0.6184576216340065	-16.457960767745973	199017	398035
410050	3534	5852.206834793091	22.257295975081945	34.89061630669297	27.618452218694507	46.24311331480566	-33.014529268696556	16.469103	16.504152	0.6267044019699096	0.6141019348800182	-16.022703199386598	200025	400051
412046	3559	5879.381732225418	25.988764349281304	27.670416483691536	17.66617034299774	44.494669209545854	-14.966423325166026	15.508121	15.495346	0.7887435755133629	0.7652855777740478	-16.19711943626404	201023	402047
414046	3579	5908.236378908157	25.080272294095458	32.292514809969056	18.906662307137946	40.975643827856736	-23.290027011365176	16.963005	16.969679	0.8022135052084923	0.8141746637225151	-16.593292303085327	202023	404047
416080	3603	5937.663030385971	28.30867101725826	36.860252107741516	23.7083311381838	43.14714180417828	-33.42585522622765	16.535793	16.558096	0.7978690408170224	0.8032108828425407	-17.055128555297852	203040	406081
418172	3627	5966.010933637619	27.818257326529526	37.92441819210806	22.26300359917189	43.052982009781175	-29.408453075920608	17.636984	17.660618	0.6783085039258003	0.6289085635542869	-16.985932531356813	204086	408173
420084	3647	5992.179902076721	27.654589293272622	32.36117234048764	24.19678358272858	46.511772900725205	-33.32911521901692	16.563704	16.584938	0.5798070421814918	0.5821910210698843	-16.804300165176393	205042	410085
422001	3667	6018.565224170685	12.759296122825647	18.92940114797593	23.195817194124714	32.882615530425056	-34.75356066232777	16.647943	16.634436	0.6693247437477112	0.6799925372004509	-16.8656618309021	206001	412002
424035	3691	6046.661406755447	32.74370263170753	34.218807994899706	6.833196984102982	39.90409840211537	17.231893477513182	16.13279	16.120693	0.691568216830492	0.6842455470561981	-17.01873620033264	207018	414036
426044	3713	6073.88102555275	29.25466659640545	28.687214341377995	6.0074857511945154	40.06809323969704	20.815155643166847	17.702894	17.668375	0.7012496303021908	0.6849988262355328	-17.39656704902649	208022	416045
428086	3735	6101.673601388931	34.08849139866956	35.160658071218776	4.909202407229278	40.40097731089394	25.377764544860234	16.535362	16.54982	0.6047520072758198	0.6353677017986774	-17.164387254714967	209043	418087
430057	3756	6127.884220838547	37.13401613969798	37.143598977104645	5.337466132568408	45.08492239793925	28.475252954996947	17.29094	17.309046	0.690676955729723	0.6677688212692737	-16.997688055038452	210029	420058
432077	3780	6156.364962339401	27.831124216085026	32.094940416763805	16.46290211993565	41.99369884045814	-13.772436828977838	18.318123	18.342272	1.013198267519474	0.9809036357700824	-17.254566049575807	211039	422078
434097	3800	6184.203886270523	28.476122820904745	28.431394745674254	6.3010234573606025	36.82470269713242	17.09893983134696	17.64237	17.686504	0.6273158493638039	0.5992402118444443	-17.703336315155028	212049	424098
436043	3821	6210.709871768951	32.58237113231368	36.05271382986233	10.642662151017873	45.23801743544727	14.366885440038835	17.137754	17.129791	0.6751392079889774	0.6635329635441303	-17.09265965461731	213022	426044
438157	3845	6240.594804286957	28.21439849115812	29.783991662396943	11.060545630299377	41.63031265296045	9.025281820749925	17.554537	17.588604	0.7350880338251591	0.7698984549939633	-17.252957801818848	214079	428158
440045	3865	6266.983145952225	26.98573287576026	30.03534636396946	16.67474152141434	41.71011915691774	-17.457363727917137	17.1656	17.138582	0.6523594602942466	0.6833655396103859	-17.205197515487672	215023	430046
442108	3887	6297.742616891861	15.598352051552583	27.4624700820479	26.333187920789374	39.91855799658334	-32.03183364024078	17.573555	17.53648	0.8195691849291324	0.790865492373705	-17.42194888114929	216054	432109
444027	3906	6326.186505317688	23.118384040775215	27.051928314563497	22.574491342469482	39.19994682046335	-38.53216599056985	18.031809	18.034056	0.6239469391107559	0.6679017806053161	-17.433967781066894	217014	434028
446029	3925	6356.582813501358	16.739112278470913	31.404813095583016	29.56041172664955	45.65362613206169	-29.2082160738586	17.967562	17.963793	0.8582142214477062	0.8076306445896626	-17.6596887588501	218015	436030
448005	3946	6384.15539431572	31.516420172324857	29.85964610045385	7.434527990591842	47.38417808801516	23.94865093891336	17.244406	17.258741	0.5930946281552315	0.599090783894062	-17.674892177581786	219003	438006
450132	3966	6412.35612988472	33.365102835203146	32.08142976938227	9.932134230575986	46.724699847607276	19.6095422316908	17.72948	17.724344	0.9120660181343555	0.8968103255331517	-18.09439130783081	220066	440133
452060	3989	6438.2752850055695	32.181643130536415	34.13812494586679	7.434102873632209	43.61072572011662	20.459369519612686	17.16423	17.131874	0.6175201310217381	0.6124345493316651	-17.86599885940552	221030	442061
454028	4009	6465.075392961502	31.355262107750985	30.24702023263621	7.716493374571776	41.964742324008924	17.382227987237748	17.303175	17.274555	0.633662681132555	0.6234282100200653	-18.030929470062254	222014	444029
456158	4036	6494.697194099426	28.144735546840106	32.15835077697112	19.70259320085081	44.46013648290085	-25.37799826583478	17.58467	17.568869	0.5771475994586944	0.5910502318292856	-17.744255084991455	223079	446159
458084	4055	6521.267799139023	32.7717301074296	34.927051058051816	9.311404283713202	44.672991599341366	19.410972935686964	18.051981	18.044468	0.8951778577268124	0.8701877062022686	-17.99619915008545	224042	448085
460022	4078	6548.27579665184	33.09481744220271	35.00296220962366	9.088331546383154	45.61866224515505	17.315737628919408	17.080816	17.059082	0.5945642633736133	0.5879461073130369	-17.823759107589723	225011	450023
462082	4097	6576.002826213837	25.891234601756345	24.818330292754375	8.839953577325973	39.48223795820114	15.115199968128962	17.551176	17.600695	0.6740656596422195	0.6681494122743606	-17.81635974884033	226041	452083
464076	4119	6603.277752161026	30.520795932064416	30.514659784622673	5.39492379362552	37.05245572928057	18.19374108942145	17.367622	17.388563	0.8874683925509452	0.9134941476583481	-18.02767828941345	227038	454077
466017	4142	6630.885138511658	24.539576246544296	27.311343238647925	16.684676980443047	41.82903049765322	-13.68259859611881	18.261969	18.265629	0.8640811245143414	0.851162275224924	-17.83958429336548	228009	456018
468036	4168	6658.37343287468	32.92895520023414	36.39329166663317	7.847549401841647	44.51093189881546	19.51984362558364	17.461805	17.477114	0.7382872980833054	0.7207426741719246	-17.921218032836915	229018	458037
470026	4191	6686.864713668823	11.051541196259722	19.346460727139345	24.33276268330048	41.77104163003858	-25.051045178957335	18.099155	18.089375	0.6456969623267651	0.6042062112689018	-18.21279291152954	230013	460027
472036	4216	6714.232355117798	26.937543212635514	26.065956217261586	10.298712593187233	39.83348925555027	9.189075909804238	17.85485	17.870304	0.6255304290354252	0.6155875962972641	-18.188288383483886	231018	462037
474070	4240	6742.777184963226	26.577094625260695	30.1503825103167	15.352331475979804	37.73060294789687	-13.695318801964062	17.99318	17.984049	0.6939308056235314	0.6671942543983459	-18.089394426345827	232035	464071
476068	4263	6770.037401437759	31.910923547949125	35.19779023544573	9.788164855547347	42.60596800708313	15.793772624839669	17.843603	17.81121	0.6649751123785973	0.6786865401268005	-18.054279327392578	233034	466069
478024	4286	6796.251007795334	30.763311108836444	29.538459641682152	9.26253654412093	45.46413842247327	16.730431281934536	18.29256	18.304039	0.7240316796302796	0.712923189252615	-18.358242025375365	234012	468025
480030	4310	6825.775595664978	27.252796558079634	30.803637011767837	16.492739624386797	42.01783039361542	-13.751867356347597	18.662985	18.718266	0.5660790790617466	0.5662384244054556	-18.23646017074585	235015	470031
482011	4335	6853.107941150665	25.077831560296694	22.061256423955545	10.076056575834455	41.7309292515867	13.520589727090353	17.983763	18.001493	0.6784809279441834	0.6881416536867618	-18.371139659881592	236006	472012
484028	4358	6880.355221271515	31.64239778553518	31.41129345472667	10.93649061054835	45.64666929273208	18.02443122323001	18.089617	18.062838	0.7024181036651135	0.6792512252926827	-18.461650524139404	237014	474029
486085	4385	6909.43697309494	27.14372021074064	26.988688061419428	7.463076052411758	36.83369664567184	17.39427473415119	19.401205	19.390148	0.49142269901931285	0.4930806811153889	-18.3653609085083	238043	476086
488093	4409	6937.708348274231	28.820880606403882	31.34483584412939	10.180785348254375	40.882062869212525	11.634493977556694	19.079615	19.079477	0.9644947955012322	0.9043206688761711	-18.741034355163574	239047	478094
490085	4431	6967.034691333771	34.83825259075084	36.213342667252924	6.290615231603332	43.94493427951826	19.58032947229438	18.110516	18.104542	0.5561382544040679	0.5277849292755127	-18.789461545944214	240043	480086
492016	4454	6996.194432735443	18.02881852139053	24.767142826555656	23.02137660270315	41.760254516417504	-31.483790238125977	18.646194	18.652452	0.61667146936059	0.6324084953963757	-19.082414159774782	241008	482017
494012	4478	7026.531882286072	32.343819119875	38.78639455510559	17.60398978801692	44.95553467803541	-14.419696977727835	19.486496	19.481907	0.5911022159457207	0.6019635434448719	-18.968824949264526	242006	484013
