steps	episodes	elapsed	mean	median	stdev	max	min	average_q1	average_q2	average_q_func1_loss	average_q_func2_loss	average_policy_loss	policy_n_updates	q_func_n_updates
2000	10	13.277974843978882	-39.54984403189297	-37.66512885566481	8.221103308588077	-28.87985631493863	-57.25744650043754	nan	nan	nan	nan	nan	0	0
4000	20	25.99124765396118	-44.29462254735096	-52.261555779501506	30.405428278276915	39.477885574054675	-67.0828335201975	nan	nan	nan	nan	nan	0	0
6000	30	38.99658703804016	-46.892729210223706	-47.81288240668876	10.627994335353616	-32.977965330052555	-69.48669851267012	nan	nan	nan	nan	nan	0	0
8000	40	52.050262212753296	-43.17654423487078	-46.324475156961796	14.71117126046522	-18.659901157480164	-62.33877490163533	nan	nan	nan	nan	nan	0	0
10000	50	64.98377847671509	-33.72094111606117	-37.98561440775113	27.314771145471138	37.36613663698971	-61.37052276306077	0.038457043	0.08754897	0.11911700665950775	0.15409281849861145	nan	0	1
12000	60	94.71811890602112	-41.351907219956644	-39.58454627541708	14.741900111516136	-22.95156838052967	-71.01925974734644	-1.5651215	-1.5651665	0.0015392406930914149	0.0019283881969749928	1.4606806921958924	1000	2001
14072	71	125.26774597167969	-23.564315883855087	-33.07500065853144	24.881476119669987	41.21472827522963	-43.30355391640734	-2.2835908	-2.2790694	0.2496618513809517	0.2534140697401017	2.1568555176258086	2036	4073
16072	81	155.21549582481384	-18.121606943634188	-30.899736511206225	29.682659561234555	39.78147289263156	-40.642357732828444	-2.8441627	-2.8468246	0.7607471878640354	0.7609481726679951	2.6514361333847045	3036	6073
18030	91	181.4902424812317	-23.738295637413984	-30.304317034644388	20.41874397848872	32.790538377164	-35.55858379622516	-3.2512772	-3.2525601	0.6767314378474839	0.6724198078340851	3.009658651351929	4015	8031
20174	102	212.78219747543335	-28.62245870613028	-30.271702539470304	10.031661332090376	-8.70553661546913	-39.96798919787205	-3.3532948	-3.359281	0.4501012792205438	0.45017174306325614	3.303623290061951	5087	10175
22132	112	242.64314937591553	-32.62088561688668	-33.56079317289375	10.131257856289867	-12.956601094907956	-48.784373232756415	-3.634542	-3.6343384	0.7757794372085481	0.767554979948327	3.5116362619400023	6066	12133
24132	122	272.57369589805603	-26.784311636831628	-30.872674159308666	22.943622545302436	34.71902210572773	-46.879147797335236	-3.7894843	-3.7957253	1.0057565252110363	1.0081382462289183	3.6555449867248537	7066	14133
26132	132	300.87508749961853	-22.591648170452356	-28.90048117428566	21.90913715353675	37.50233600454378	-40.5702886919424	-3.8462229	-3.8520129	0.970449310047552	0.9674626651685685	3.7862489318847654	8066	16133
28050	143	328.1515483856201	-28.86949051631949	-28.629002374060484	7.7546129310762835	-18.863369505612116	-41.0690826580185	-4.262292	-4.268289	1.305633223131299	1.3142312054336072	3.844515960216522	9025	18051
30121	154	358.35275173187256	-22.027698851625274	-27.60980947724112	24.061496767778742	40.23544206435311	-42.08920115820668	-4.0988607	-4.1146297	1.3773217862471938	1.3740060038678348	4.062055099010467	10061	20122
32123	165	386.6983108520508	-17.465048761478304	-26.971875868213875	30.635027507636927	39.06966188128322	-46.78037694361097	-3.7844663	-3.790211	0.2599775935523212	0.25861147755756975	3.9591642475128173	11062	22124
34041	175	415.5468566417694	-26.517462155425097	-21.007988264633713	12.346589649926212	-13.900861072176362	-47.17346998281157	-4.3211083	-4.29886	1.1909156783670187	1.1883908413536846	3.8788805031776428	12021	24042
36031	186	443.5315103530884	1.3987524075737061	7.80614759022814	35.95160009440402	39.34636524913655	-42.35871635706897	-3.9861674	-3.9839869	0.83585772363469	0.8474469542130828	3.856914699077606	13016	26032
38106	197	472.32883167266846	-4.972935406118265	-18.278340835188647	38.88999504843105	42.03771293580693	-49.262183746721576	-3.5202384	-3.5238838	0.45256026320159437	0.4582783406600356	3.7795155441761015	14053	28107
40066	209	499.8454794883728	-15.209212967569913	-26.331835098396862	27.258423116814097	34.431941606350335	-39.23511584126044	-3.5422716	-3.541235	1.2903151692077517	1.2853403779119252	3.4421347403526306	15033	30067
42167	221	530.4388091564178	-26.010518944801518	-31.972527431236156	21.936127615502297	34.16464949393044	-41.62115590212253	-3.8101995	-3.8274772	1.001697809509933	0.9865539069846272	3.358721066713333	16084	32168
44061	231	555.8347215652466	-17.7589948145406	-27.1051110900617	27.28687554741172	29.85085144487624	-49.084401017925394	-3.6461277	-3.6566808	1.8844421155005693	1.875398623496294	3.2067024266719817	17031	34062
46072	245	585.107536315918	-10.895746448812913	-18.36088727885808	25.429405997681517	37.062875885576574	-33.38016001482011	-2.0295844	-2.0283127	0.7291492567583918	0.7363018801808358	2.4502778560854495	18036	36073
48142	256	614.1995661258698	-8.90760601256081	-19.362664938810717	31.90393235567266	37.44310163277143	-40.047679978588995	-3.3608012	-3.3422413	0.651171106994152	0.646883050724864	2.335435418421403	19071	38143
50147	267	640.8100981712341	-0.09967809415170237	1.0039912167585978	39.560737744044886	47.06683635639422	-48.545492411988064	-2.5457177	-2.5378916	0.5178214718401432	0.5198896837979555	1.7810921542346478	20074	40148
52112	279	668.0867528915405	8.742650279392931	32.68857906609186	34.774387828341105	39.48118642588112	-45.09887723374817	-1.7109766	-1.7175199	0.5948475901037454	0.5790623147785664	1.519817364383489	21056	42113
54033	291	694.9773771762848	-7.847292374158766	-26.411086550703416	30.334044842794917	39.400621086770485	-30.726213203807273	-1.4390091	-1.4228299	1.4230363216996194	1.4192883967608214	1.169203338176012	22017	44034
56111	305	722.9383459091187	9.757379633575551	34.00850181884677	36.90872437083839	44.6411339409765	-47.844747012513835	-0.28621608	-0.26905957	1.2511482503265143	1.2579478580504655	0.6927725454326719	23056	46112
58167	317	751.518739938736	-4.026702423660792	-23.954877298268435	33.431924349013435	38.04549068940113	-35.84133461284634	-1.5417461	-1.5420723	1.2368149972707032	1.2161181335896254	0.5295329028391279	24084	48168
60192	329	780.3602118492126	0.9853422777568944	3.261897258592562	33.07107305332996	35.39041529663139	-33.97001435414401	-0.32617304	-0.3250927	1.4322252257168293	1.3657542324066163	0.24273911638185383	25096	50193
62172	341	806.6036350727081	20.889014941210263	38.415787331399756	31.795453914318056	44.12413449826343	-33.26333679346411	-0.14671366	-0.16462001	1.2704793672263621	1.2614799344539642	-0.2786890498222783	26086	52173
64035	356	831.9603278636932	1.7746183714148913	0.02032490307954049	34.33323374174991	43.59053181847852	-39.10102392343574	1.1633562	1.1841009	0.9330036959052086	0.9485895946621895	-0.9533237379416823	27018	54036
66129	372	861.6004459857941	13.174878535866991	25.64509020343616	28.64356665596511	38.77256788749674	-32.011602508440085	1.0415406	1.0582769	1.2275176279246807	1.1844682136178017	-1.283186288252473	28065	56130
68040	386	888.1355421543121	9.822379345427668	31.1796570173694	34.20393479091919	40.702563360284486	-40.58825077845707	1.6774184	1.6643085	0.8807217454910279	0.8041071594506503	-2.1639251341298222	29020	58041
70022	401	916.9754719734192	2.6207221554920896	-10.559046283465392	28.60691282612757	40.695691591125374	-26.603966573479347	1.4365084	1.4328458	1.6245028561353683	1.5931229834258556	-2.493644929602742	30011	60023
72027	418	945.0696942806244	26.093217390583725	31.209011283154847	19.503055213964327	44.005624478031834	-26.874525311077388	3.2158544	3.2172306	0.7741456389427185	0.7709242190420628	-2.956866120249033	31014	62028
74029	431	970.6656773090363	27.342146145487547	33.259176299526516	19.24092222810508	36.63434432992406	-26.947206111633452	2.5554924	2.5529144	1.301576268672943	1.2885644759237767	-3.3566097593307496	32015	64030
76131	449	999.3989622592926	19.66326628732394	34.21828215345245	29.496679604269612	39.47639889780112	-39.228135056491695	4.3664346	4.395458	1.4019923409819603	1.3837798504531384	-4.071922543644905	33066	66132
78069	465	1025.0210990905762	36.52413949089048	36.459858385099444	5.091954617384521	42.55008924719648	26.028171529712907	3.6521325	3.6571016	0.9183299113810063	0.8785832424461841	-4.855670475959778	34035	68070
80134	480	1054.8113753795624	14.085687546263486	33.95750975625546	35.18785380994263	40.82413640194248	-48.74136743384921	5.531973	5.5283017	1.3051516139507293	1.309600682258606	-5.349430115222931	35067	70135
82001	495	1080.3417739868164	11.04251236631575	31.48687983444091	35.153652146115654	45.34088786567108	-43.36891448976525	5.252654	5.234002	0.8326169492304325	0.8223167866468429	-5.976949999332428	36001	72002
84087	510	1108.34748005867	28.306720778062115	32.8073457891885	18.45354561681235	43.47146137909052	-21.089341729411814	7.0263524	7.0154705	0.7732081052660942	0.7026270604133606	-6.615192441940308	37044	74088
86005	528	1134.8154981136322	-0.32815579382939825	-19.734760847537625	33.52334604010368	43.492825881185425	-34.23167484437048	7.572577	7.530947	1.0324236300587655	0.9737644989788532	-6.9275132441520695	38003	76006
88106	543	1162.5844464302063	27.072756696984666	32.27870886692986	18.51839626695322	41.486934193934346	-22.96677244076634	6.913098	6.8921943	0.6858454808592797	0.6662426510453224	-7.052162890434265	39053	78107
90000	557	1188.2358949184418	15.16792161450324	30.45014153688929	29.951148003616435	41.0695813313912	-34.11082667623596	7.1095457	7.123779	0.7130509057641029	0.6886470744013786	-7.365769016742706	40000	80001
92026	575	1213.9459114074707	34.05845152088331	34.60405949278545	6.0979506288026775	41.41702029169612	23.448767218867026	6.5597057	6.550945	0.8200775662064552	0.8189280250668526	-8.034705486297607	41013	82027
94025	591	1239.7187778949738	21.616370787359774	33.556784583310595	27.168708487349452	37.855806247689486	-32.47405496961027	8.015964	8.018438	0.8325691488385201	0.8328028285503387	-8.089101748466492	42013	84026
96085	608	1266.1140673160553	20.660131822537142	32.53708911079684	28.920596678944236	43.364353755854516	-37.839170511207485	8.2209	8.235139	0.8862966439127922	0.833259551525116	-8.72397759437561	43043	86086
98012	624	1293.3557629585266	10.498497584333645	32.04836748463303	31.147796206180164	38.773582543578215	-34.418691908848004	9.260191	9.279168	0.8274981099367141	0.7808314967155456	-9.322012791633606	44006	88013
100008	641	1320.730613708496	3.538166232631688	6.201313402302085	30.273276478251375	34.943874335040675	-37.279903635406455	9.905996	9.978223	0.892459107041359	0.9225261503458023	-9.412406668663024	45004	90009
102055	657	1347.9763436317444	27.463498481621137	30.503750193012728	15.486596384044638	41.1445241232068	-14.933921811528457	11.010586	10.984668	1.1732525330781938	1.124002245813608	-10.137047262191773	46028	92056
104073	675	1374.3919744491577	29.118718757974055	33.60597163380639	19.41643684882452	40.609632880836394	-25.553475158172866	10.034981	10.06482	0.8499049457907677	0.751913061439991	-10.360229811668397	47037	94074
106189	691	1401.8636248111725	15.916572678461218	31.643672668510636	30.246035869476653	39.11472720171758	-28.793050697137808	10.849663	10.838636	0.8288844847679138	0.8229200214147567	-10.570457277297974	48095	96190
108132	708	1427.1268973350525	35.86594048854678	37.165823815066474	5.449874745108355	42.59653258198506	24.29356982682296	11.213513	11.187124	0.9606874313950539	0.8951680053770542	-10.986232352256774	49066	98133
110084	725	1453.7695212364197	26.9787497724005	34.174445114949954	21.92645300461657	38.62248490912276	-34.480377080090335	11.403578	11.38976	0.764116599559784	0.725303170979023	-11.258416032791137	50042	100085
112103	744	1478.649851322174	36.19542431899098	37.20076583104832	4.937359419461769	41.36657306890477	24.278895541111524	11.447586	11.404462	0.8541321235895157	0.7656208650767803	-11.781755499839782	51052	102104
114069	760	1506.0211493968964	16.257070803147975	32.9659278051861	29.084426994703936	39.21571838351203	-30.784905132475018	11.619881	11.613622	0.9284607157111168	0.8545999604463578	-12.161326522827148	52035	104070
116071	778	1533.073608160019	26.468962333962036	31.3543924054729	21.00185915758077	40.38077506212424	-31.66199729339973	11.480447	11.463276	0.9195233514904976	0.9008001437783242	-12.746267194747924	53036	106072
118029	796	1557.463772535324	31.717315130911285	31.704392030768417	2.392005328932429	36.226321071618386	28.606910010585825	12.976512	12.947271	0.8636333397030831	0.7729437693953514	-12.958791074752808	54015	108030
120191	812	1586.4634101390839	17.281043244719324	33.72263457426878	28.79822844080336	40.82622683993957	-29.226414841153694	13.848536	13.857601	0.7965001437067986	0.8025489073991775	-13.183150415420533	55096	110192
122115	829	1610.732833623886	34.91336031261368	35.34170397062776	3.368847755238219	40.35424695124724	26.98740707097941	12.674699	12.667408	0.7820331650972366	0.7625981295108795	-13.877029438018798	56058	112116
124019	847	1635.427265405655	34.510117909171264	33.00744204060354	6.577028678110051	43.24693051167883	21.775763058372792	13.243297	13.259863	0.7467928797006607	0.7761509293317794	-14.001838941574096	57010	114020
126048	863	1663.3761074543	20.284463396937568	33.885353994319814	24.99119454551807	44.50655616728738	-16.00907221350971	13.247119	13.26658	0.8203796608746052	0.7546087515354156	-14.263115139007569	58024	116049
128024	880	1690.2713930606842	27.227586739560188	39.32933805906917	25.454462843529658	43.21864704794678	-26.814736291467646	13.333224	13.351612	0.7489208850264549	0.7369208407402038	-14.19849404335022	59012	118025
130051	900	1715.668090581894	26.90001152934707	32.4977360537476	20.96670090643454	42.597741704774116	-31.86287068726498	14.646624	14.65302	0.8058185860514641	0.808979949504137	-14.38874261856079	60026	120052
132022	920	1740.982429742813	24.974369870942983	31.51781877506732	22.37960515575948	44.32382387082807	-16.998196799553273	14.873587	14.8543215	0.7595121029019356	0.7462877920269966	-14.320284557342529	61011	122023
134006	938	1768.0242269039154	4.961592241602984	4.26444240653381	33.166291151406284	40.19860511966646	-32.971916301751	14.487788	14.451467	0.7912466517090797	0.7403010515868664	-14.895441961288451	62003	124007
136039	958	1792.8661851882935	33.85934617997272	33.11364635539052	2.7798735071088903	38.572480391928636	29.5432154629323	14.68756	14.670703	0.7457641397416591	0.6888156981766224	-14.937754011154174	63020	126040
138118	978	1820.0230219364166	33.04181998123813	34.10126026987684	2.5360206863190773	35.460980005476664	28.87286300714204	14.927584	14.922922	0.8288440996408463	0.7720602303743362	-15.045378637313842	64059	128119
140016	996	1844.8640294075012	27.750328477252744	33.50103899133945	19.418065659443815	42.72998467908808	-24.741914308271753	14.694479	14.690912	0.7200057816505432	0.651795565187931	-15.585419263839722	65008	130017
142020	1015	1871.4064629077911	34.959666723947144	34.196806046502175	3.8378088585271413	41.22147704332693	30.662213711410015	15.879293	15.872054	0.7038652220368385	0.6955009889602661	-16.027349290847777	66010	132021
144014	1030	1897.9046676158905	31.853601139078222	36.42469265015251	17.432502451035514	41.58475570363346	-16.854133442290934	16.585585	16.577753	0.79413180783391	0.7162315601110458	-16.023658266067503	67007	134015
146077	1048	1925.734890460968	-0.865051855594199	-13.984017542541448	28.871681774789923	45.98354821181288	-32.36825265374924	15.728303	15.736826	0.6844754032790661	0.6497200061380863	-16.003108777999877	68039	136078
148019	1064	1949.6576573848724	37.22030586562882	38.643741840577206	5.8110605404341715	43.19696755929969	27.20821565672734	17.17245	17.146488	0.8278911209106445	0.8172375971078872	-16.875061988830566	69010	138020
150154	1082	1976.2052023410797	27.882804404647185	33.31030196545224	21.771320008163798	44.908654917528715	-32.96102462062725	16.878645	16.925623	0.6736368164420128	0.6320813634991646	-16.999208698272707	70077	140155
152130	1101	2002.9868581295013	33.43254763951521	34.47080751883921	7.451163043583743	39.7108430183796	14.156989621338532	16.28432	16.26039	0.8846064192056656	0.8448104751110077	-16.575401487350465	71065	142131
154073	1121	2029.4059751033783	26.97015667515317	32.116684189884005	18.376954434031433	37.4057094147569	-24.708764338703222	16.565176	16.59907	0.6660684514045715	0.655505630671978	-16.443806457519532	72037	144074
156034	1139	2055.686283826828	29.35778384892717	33.90473969541627	17.01833002650843	40.07490355516019	-17.64895213080136	16.871141	16.884567	0.8308335408568382	0.7696316862106323	-17.160136337280274	73017	146035
158054	1157	2082.1280612945557	31.203531801619604	35.85867599729886	18.249065042511255	43.66656591870576	-19.740109115906648	16.878847	16.877691	0.736838411539793	0.7005410777032375	-17.195285663604736	74027	148055
160001	1175	2106.439032793045	26.130733503262206	35.27458257867958	24.94314851573358	47.09907500812145	-24.971434896217733	17.441513	17.431355	0.6489316752552986	0.6166745512187481	-17.803939199447633	75001	150002
162058	1194	2131.5686337947845	36.29690351017338	36.431099114963025	3.5143009550868682	42.00733224543774	29.971324378876957	17.842115	17.887323	0.6951493844389915	0.6403015513718128	-17.87761505126953	76029	152059
164048	1213	2157.8023278713226	16.97918065669703	34.88836061252249	31.145562866868154	40.668807551219004	-30.478715226280386	17.228493	17.274218	0.6902523311972618	0.6726911762356758	-18.10083122253418	77024	154049
166004	1235	2183.6120324134827	34.87271603620069	36.261086876736016	4.638671124332178	38.226752692518616	22.51781807144351	18.142925	18.155415	0.7914581206440926	0.7485633960366249	-18.094129915237428	78002	156005
168078	1254	2209.3029313087463	30.542212703855053	35.635422166860764	18.558870204587155	42.1735960803924	-21.602647598366882	18.19224	18.152288	0.6320158866047859	0.5575537902116775	-18.706038579940795	79039	158079
170007	1270	2233.6379215717316	36.19012783940067	37.32819663435095	5.42067325915391	40.562906090844606	21.87731814543716	17.28642	17.251827	0.6329225391149521	0.6094163572788238	-18.508963174819947	80004	160008
172012	1289	2257.236125230789	29.975510582535055	35.70466777525874	18.72814007891558	42.588507442681774	-21.662508898511977	18.989412	18.993206	0.6463075585663318	0.5834115065634251	-18.540690298080445	81006	162013
174086	1308	2285.2503867149353	10.935560038121155	32.625092997499586	30.55511762268442	36.87880649496725	-29.185293458202402	18.513086	18.517504	0.7076685257256031	0.6439920599758625	-18.603656148910524	82043	164087
176010	1329	2311.8022599220276	33.3845496542008	33.167410715526266	5.39076626810935	44.36505730813057	26.112674116650304	17.988945	17.99525	0.7142120569944381	0.6283938594162464	-18.612775869369507	83005	166011
178098	1351	2336.448791742325	35.40043103595092	34.89983212393938	5.144939811987501	43.956855454628894	26.7210047760432	18.410633	18.388681	0.6577416227757931	0.6194155319035053	-18.967096471786498	84049	168099
180001	1368	2359.727840900421	36.05213710568846	36.57088508401076	5.7359028159220475	43.79440791772259	25.804885798136937	19.160488	19.164207	0.683253457993269	0.6477617338299752	-18.771957721710205	85001	170002
182027	1392	2385.2176740169525	27.811892497802507	34.11454278653187	24.180871092612964	42.977086446597525	-40.03793166581587	19.763391	19.744581	0.7418738512694836	0.6935632865130902	-19.26510139465332	86014	172028
184031	1410	2409.619587659836	36.474911378976564	35.246445877726046	4.182753467362107	41.55784693578903	31.24067685679391	18.742668	18.733606	0.6359513707458972	0.6003486457467079	-19.356955270767212	87016	174032
186031	1429	2436.0729331970215	35.087617054277175	35.8922318658814	6.147713279922087	43.97277054644671	23.272713218677165	19.172503	19.178051	0.7366694959998131	0.7142582476139069	-18.992870988845826	88016	176032
188135	1451	2461.375412940979	29.412720833032854	34.675676137699135	17.90099799908606	39.995306637345365	-21.159669018303628	20.151062	20.174978	0.7590331876277924	0.7224522623419761	-19.52156933784485	89068	178136
190041	1470	2487.991140604019	33.633028108255346	32.31959400488153	4.533585031631492	42.85615934980147	27.673572998140198	19.142015	19.146433	0.6170330725610256	0.5947394128143787	-19.323272943496704	90021	180042
192049	1489	2512.818469285965	34.73471152146366	34.244937563324285	3.2914998640944573	40.234364476899245	30.129931677300213	19.387186	19.403942	0.6722292360663414	0.6061372444033623	-19.51473081588745	91025	182050
194023	1510	2539.7019097805023	31.07493910792825	35.354494342303084	16.395113008952606	40.79059737842444	-14.693281520627158	19.97827	19.95471	0.6966852581501007	0.6497150984406471	-19.51181053161621	92012	184024
196073	1530	2564.0665304660797	38.128437098891624	39.03043857290198	4.847523394543104	44.288127792772265	31.173551603339344	18.285103	18.264584	0.6420685778558254	0.6149197106063365	-19.429770832061767	93037	186074
198077	1549	2590.828693628311	35.032787939562965	34.646012706154025	3.576778079559059	40.92644211346812	28.96215936409919	19.040047	19.037556	0.5835365286469459	0.5344559293985367	-19.807149791717528	94039	188078
200091	1568	2620.4613394737244	27.824155560700774	32.55349710208542	20.899241638434024	41.6562253585001	-30.613931139977627	19.016415	19.038933	0.6313885310292244	0.5792931506037712	-19.915355262756346	95046	190092
202103	1589	2649.211749315262	29.89885986147517	35.54166387137404	21.4959446245414	44.43233076417687	-29.565895641256887	19.507887	19.456476	0.6271175684034824	0.6200542615354061	-19.855586566925048	96052	192104
204041	1608	2678.6254251003265	21.256484614218863	33.35619983708585	27.640122790123232	41.9303101464732	-36.07692060841948	19.63721	19.656507	0.6455641162395477	0.6089850816130639	-19.949035892486574	97021	194042
