steps	episodes	elapsed	mean	median	stdev	max	min	average_q1	average_q2	average_q_func1_loss	average_q_func2_loss	average_policy_loss	policy_n_updates	q_func_n_updates
2142	14	10.96578311920166	-9.193508895226898	-15.007335812463932	21.367921158118218	49.45831274380435	-22.7718566493094	nan	nan	nan	nan	nan	0	0
4121	26	21.88865852355957	-9.786166622575635	-7.6211483878641015	4.496604744133161	-6.759016409540223	-19.97840177704215	nan	nan	nan	nan	nan	0	0
6029	40	32.699328899383545	-11.574933193643757	-9.615290977960962	6.187713848935064	-6.896856102960968	-23.66632827871532	nan	nan	nan	nan	nan	0	0
8077	53	43.38475680351257	-5.5253793265220885	-8.332660564303941	20.271067509445704	49.96446153888061	-21.79971804305723	nan	nan	nan	nan	nan	0	0
10077	63	55.012810468673706	-42.714401932402865	-39.712314295893734	8.046213174763258	-36.68431189025504	-58.34228537744529	-0.07794226	-0.084242456	4.206523022500989	4.205567107828429	0.16755310314086577	39	78
12110	76	80.47474765777588	-12.192821009040484	-27.56128866222972	42.91472429833914	48.323352699368776	-52.585059713101806	0.53823906	0.5678899	4.7327142327278855	4.721175502240658	-0.7923964160680771	1055	2111
14000	119	99.90228509902954	48.72901650487191	48.654360422269114	0.8358668616211915	49.95419482171481	47.61348350451658	2.6169066	2.520875	7.061276612281799	7.12430561825633	-2.843187437057495	2000	4001
16013	204	122.6085045337677	18.269291760215502	-1.9284668310082063	26.77038829184326	49.9114414408943	-3.2619281698653806	8.413389	8.40947	8.461757975816727	8.63865483045578	-9.423600606918335	3007	6014
18009	363	142.91179704666138	48.58615502082006	48.34002221924618	0.6270735212152654	49.51486398128312	47.86988591636844	18.867422	18.89667	4.741282222867012	4.869279871582985	-20.1457900428772	4005	8010
20008	566	163.81452012062073	49.21694515702439	49.32101635858382	0.6044008059394952	50.0	48.13110355940183	29.83482	29.835133	1.7531705158948898	1.7495855736732482	-31.798304195404054	5004	10009
22000	787	184.13300466537476	48.795354896807034	48.783054474267985	0.4789030358649704	49.431778034593336	47.937284145131656	39.292305	39.288757	0.3716039368510246	0.36951938703656195	-40.239059906005856	6000	12001
24002	1017	204.03475427627563	49.17326972603199	49.18385191789527	0.6233984778010165	49.953028008170975	47.82573835264589	43.508907	43.507442	0.1863764227926731	0.17503503814339638	-44.15242828369141	7001	14003
26001	1264	224.4746527671814	49.26174364049764	49.41339049149235	0.641018841340013	49.889038730406995	47.77359225099888	45.10515	45.09089	0.13484303291887045	0.1326960138604045	-45.65036685943603	8001	16002
28000	1499	245.17562532424927	49.13154786926721	49.27226271401703	0.6187090953923653	49.95826614551278	48.0493171050363	45.622253	45.627876	0.11335136186331511	0.11438788760453462	-46.098621940612794	9000	18001
30008	1745	265.85960626602173	48.846465091172945	48.840663843993966	0.8176606589870723	49.93919704922055	47.52451548640132	46.029602	46.032173	0.111799295283854	0.11219982460141181	-46.40156787872314	10004	20009
32000	2005	286.22044801712036	48.81312994116507	49.147670340084545	0.9995520627312343	50.0	47.24564178791671	45.876575	45.897007	0.10588529720902443	0.10651474468410015	-46.47118007659912	11000	22001
34009	2253	306.6159896850586	48.83430501152587	48.92116535161101	0.6363942592812307	49.715657672836635	47.62185527894002	46.139297	46.14714	0.12211729425936937	0.11630326181650162	-46.5906379699707	12005	24010
36004	2501	326.7906413078308	49.17011300411698	49.33834071733712	0.6222753206225832	49.91848677420471	48.11613613375425	46.405704	46.415844	0.11268333218991756	0.11355123355984688	-46.661256065368654	13002	26005
38009	2753	346.7784335613251	48.603201986138814	48.71161666329397	0.7179733007705786	49.883811348168365	47.39580702170354	46.431133	46.447506	0.11449689891189337	0.11489896904677152	-46.73312789916992	14005	28010
40007	3006	367.5120372772217	49.58792682744685	49.55085279639751	0.30437070330374527	50.0	49.061531082049996	46.533955	46.506176	0.12187217179685832	0.11912014104425907	-46.80329643249512	15004	30008
42002	3256	388.10166478157043	48.99234098130939	48.963184360596955	0.5688705565020351	49.75675323641329	47.82287482434941	46.424026	46.432987	0.12146249376237392	0.1191176936775446	-46.81917873382568	16001	32003
44003	3510	408.12467765808105	48.887666871736556	49.11975447424285	0.8421086404528242	49.78936810981182	47.384376465212725	46.52149	46.50455	0.12979454804211854	0.12583464588969945	-46.83598243713379	17002	34004
46012	3753	428.7182800769806	49.16904865521368	49.449425917066	0.8077114899513433	49.89450867566954	47.4945045876271	46.50665	46.516422	0.11540292873978615	0.12108154565095902	-46.84389625549316	18006	36013
48001	4016	449.12175393104553	48.96555451402259	48.92181176269912	0.604922617479495	49.889887355665245	47.64941246087399	46.60278	46.605618	0.1284455158188939	0.13330877136439084	-46.86848258972168	19001	38002
50001	4288	469.8054964542389	48.97431647905868	49.42332979468179	0.7803319697213965	49.89461866662522	47.826464085771455	46.53948	46.539574	0.12404591992497443	0.12535138312727212	-46.90511672973633	20001	40002
52010	4553	490.86784744262695	49.21663318050043	49.52540185253224	0.715941795612326	49.847402948107685	47.91182030577974	46.550194	46.545277	0.12216356717050075	0.11985682163387537	-46.927221603393555	21005	42011
54001	4809	511.6771991252899	48.98765486166495	48.804188391242064	0.3906216225786058	49.88823989966708	48.633225883688056	46.690937	46.69253	0.13228849984705449	0.13035464309155942	-46.944443435668944	22001	44002
56004	5062	532.457272529602	49.06208893916297	49.28784145226241	0.8193295224305329	49.98518495752247	47.26860194620287	46.62301	46.62084	0.12442686043679714	0.12710365980863572	-46.9386824798584	23002	46005
58000	5315	553.4474837779999	48.870802364208004	48.88623801946913	0.5761588813840272	49.8074434398305	47.63292379716595	46.728775	46.714867	0.12479443661868572	0.12301517203450203	-46.9538854598999	24000	48001
60003	5572	574.2952134609222	48.69924598177751	48.8880699102164	0.8264930988014058	49.784059693424	47.50584655186546	46.743435	46.779297	0.13806514956057073	0.1399687606468797	-46.98203075408936	25002	50004
62007	5837	594.7207627296448	48.7574093009387	48.785475252403614	0.8426656508473608	49.74982060566189	47.83651052077289	46.68877	46.69977	0.13631162483245135	0.13786754582077265	-46.92075355529785	26004	52008
64001	6099	614.8498432636261	48.91165819932604	49.07664240202036	0.9713602964397708	50.0	47.415354751051225	46.58161	46.57282	0.14195060648024083	0.13705261692404747	-46.957423782348634	27001	54002
66004	6352	635.1315848827362	48.6724180476902	48.50530747853413	1.1017670587060935	49.94288759604931	47.41348277804772	46.636135	46.656067	0.14860414944589137	0.14796642497181892	-46.97047103881836	28002	56005
68003	6603	655.7618827819824	49.11702721809867	49.16518874150539	0.6152831990491217	49.9586362343151	48.05166415994073	46.855232	46.867485	0.14157345406711103	0.14164961852133273	-46.93294540405273	29002	58004
70006	6869	676.4352202415466	48.65284736601113	48.43453950912604	0.9247294987381329	49.901665330592074	47.584984161461556	46.855736	46.865875	0.1371590568870306	0.13339970350265504	-47.0110408782959	30003	60007
72000	7130	697.1285445690155	48.9399254337391	48.98796958442036	0.7773322704810947	49.96881128023083	47.52594888099907	46.76683	46.743336	0.14185804061591625	0.14683713003993035	-47.051877136230466	31000	62001
74001	7388	717.4622740745544	49.132825885942665	49.353153526039364	0.8369003139920368	50.0	47.571228019348574	46.780647	46.790226	0.13626557402312756	0.14012977764010429	-46.978070678710935	32001	64002
76009	7645	737.1704378128052	48.67022083922298	48.442449199761185	0.7216666357771615	49.85981811214442	47.7535637384154	46.70814	46.731766	0.13968710899353026	0.13916009716689587	-46.998700065612795	33005	66010
78002	7902	757.9801568984985	49.122245505392186	49.22010404437218	0.6987657178772323	50.0	47.84895251285351	46.795727	46.80204	0.1495911495387554	0.1422548896074295	-47.02949668884278	34001	68003
80004	8159	779.0610284805298	48.69832696034183	48.80657527849428	0.8241234269337173	49.95077708664194	47.28452552630578	46.71959	46.712437	0.15104266807436942	0.15270123772323133	-47.01939819335937	35002	70005
82003	8409	799.2837762832642	48.630396941155084	48.798193623559726	0.9169164610398765	49.915798317594096	47.43975658098957	46.672794	46.6769	0.14191396474838258	0.1382325540482998	-46.990689010620116	36002	72004
84005	8673	818.719099521637	49.24457452165327	49.52222184382654	0.7844009105568472	50.0	47.70942266358185	46.766342	46.78469	0.14586657106876375	0.14602688618004322	-47.03412017822266	37003	74006
86006	8936	840.0690884590149	48.89072243940863	49.22491253987694	0.7889529958832886	49.7504383362725	47.387953156264665	46.9642	46.963398	0.1530755017697811	0.15482136480510234	-47.01812477111817	38003	76007
88004	9195	860.9984455108643	49.005082016621735	48.947367272598086	0.6921932386497999	50.0	47.66624161002565	46.889267	46.879677	0.15168749250471592	0.15396356768906116	-47.04106830596924	39002	78005
90000	9441	881.4126362800598	49.26247483430355	49.65279509560352	0.8183324494019977	49.98106819908716	47.667318477533875	46.810062	46.81143	0.1544910854846239	0.15263283476233483	-47.04216983795166	40000	80001
92002	9699	900.5093796253204	48.57823970421894	48.74123365195989	0.90637362905593	49.80568225609346	47.45615071073067	46.84985	46.85982	0.14528502829372883	0.145918452963233	-47.044627571105956	41001	82003
94006	9962	921.6606013774872	48.81626817428772	48.97613063491651	0.7895406575306175	49.737538788014106	47.70512748391779	46.765305	46.759632	0.15653540298342705	0.15303879044950008	-47.03692085266113	42003	84007
96006	10222	942.2948350906372	48.898090531932596	48.960957207234436	0.6527573772784857	49.90439422268907	47.81798338133712	46.818676	46.81982	0.1423092120140791	0.1407577758282423	-47.05309200286865	43003	86007
98000	10487	962.9735398292542	49.341447791675364	49.541568614904264	0.6165594501419034	50.0	48.488395031798824	46.814766	46.813095	0.16108923584222792	0.1628411576896906	-47.05984043121338	44000	88001
100009	10757	982.8095495700836	48.99921026469755	49.20146434426495	0.7761383223602819	49.86888385808261	47.3364460927039	46.898907	46.91998	0.14987418346107007	0.15019245818257332	-47.08204437255859	45005	90010
102005	11015	1001.3865492343903	48.85765101137561	48.590333975126256	0.7102390858296405	49.67799032091284	47.843408628180335	46.83583	46.84024	0.1574863202124834	0.1522371868789196	-47.09830509185791	46003	92006
104006	11284	1021.0987350940704	48.592920292707625	48.52195110991319	0.756794629318481	49.73060513415817	47.59058659631234	46.838352	46.821056	0.16391450569033622	0.15863217607140542	-47.09205432891846	47003	94007
